581434.452	943645.508	1580.000
581438.769	943642.985	1580.000
581443.080	943640.453	1580.000
581447.384	943637.907	1580.000
581451.666	943635.327	1580.000
581456.454	943634.188	1580.029
581461.437	943633.981	1580.000
581466.437	943633.967	1579.999
581471.407	943634.452	1580.002
581476.236	943635.696	1580.000
581481.155	943636.449	1579.971
581486.140	943636.616	1579.974
581491.137	943636.591	1579.996
581495.756	943634.958	1579.998
581499.884	943632.146	1580.000
581503.842	943629.090	1580.000
581507.721	943625.938	1580.000
581511.392	943622.544	1580.000
581514.889	943618.974	1580.000
581518.287	943615.306	1580.000
581521.653	943611.609	1580.000
581524.929	943607.831	1580.000
581528.053	943603.928	1580.000
581531.210	943600.051	1580.000
581534.516	943596.306	1580.017
581538.418	943593.202	1580.000
581542.624	943590.498	1580.000
581546.835	943587.802	1580.000
581551.581	943586.312	1579.984
581556.061	943584.155	1579.998
581560.443	943581.747	1580.000
581564.829	943579.346	1580.000
581568.464	943576.228	1579.999
581570.385	943571.613	1579.999
581572.059	943566.903	1580.000
581573.565	943562.135	1580.000
581575.092	943557.374	1580.000
581576.501	943552.577	1579.999
581577.999	943547.806	1580.000
581579.643	943543.085	1580.000
581581.935	943538.659	1580.029
581584.765	943534.539	1580.000
581587.761	943530.540	1580.002
581591.350	943527.068	1580.000
581595.408	943524.151	1579.994
581599.886	943522.330	1580.001
581604.752	943522.841	1580.001
581609.478	943524.469	1580.000
581614.203	943526.106	1580.000
581618.928	943527.741	1580.000
581623.685	943529.281	1580.000
581628.449	943530.798	1579.993
581633.222	943532.279	1580.000
581638.088	943533.429	1580.000
581642.956	943534.572	1580.000
581647.823	943535.717	1580.000
581652.679	943536.910	1580.000
581657.523	943538.149	1580.000
581662.367	943539.388	1580.000
581667.211	943540.627	1580.000
581672.002	943542.057	1580.000
581676.732	943543.675	1580.000
581681.457	943545.312	1580.000
581686.181	943546.950	1580.000
581690.917	943548.552	1580.015
581695.682	943550.066	1580.000
581700.433	943551.623	1580.000
581705.200	943553.130	1580.000
581710.031	943554.411	1580.000
581714.906	943555.518	1580.006
581719.779	943556.617	1580.000
581724.613	943557.897	1580.000
581729.406	943559.309	1580.000
581734.101	943561.022	1580.000
581738.721	943562.935	1580.000
581743.363	943564.786	1580.008
581747.995	943566.650	1580.000
581752.399	943569.016	1579.998
581756.352	943572.076	1580.000
581760.259	943575.196	1580.000
581764.161	943578.323	1580.000
581768.073	943581.436	1580.000
581772.047	943584.471	1580.000
581776.084	943587.420	1580.000
581780.077	943590.430	1580.000
581784.049	943593.467	1580.000
581787.986	943596.548	1580.000
581791.969	943599.571	1580.000
581795.997	943602.533	1580.000
581800.032	943605.486	1580.000
581803.962	943608.567	1580.000
581807.676	943611.914	1580.013
581811.689	943614.889	1580.000
581815.833	943617.654	1580.000
581819.862	943620.597	1580.013
581824.023	943623.336	1579.959
581828.128	943626.163	1580.000
581832.299	943628.897	1580.007
581836.698	943631.273	1580.000
581840.962	943633.869	1580.010
581845.196	943636.527	1579.999
581849.390	943639.242	1580.000
581853.432	943642.184	1580.004
581857.642	943644.874	1580.000
581862.068	943647.199	1580.000
581866.183	943649.932	1580.007
581870.411	943652.481	1580.000
581866.922	943655.247	1579.998
581861.935	943654.957	1580.000
581856.942	943655.211	1580.000
581851.956	943655.590	1580.000
581846.966	943655.902	1580.000
581841.972	943656.153	1580.000
581836.979	943656.344	1579.978
581832.013	943655.851	1580.000
581827.020	943655.983	1580.000
581822.092	943656.826	1580.000
581817.170	943657.702	1580.000
581812.319	943658.911	1580.000
581807.478	943660.164	1580.000
581802.649	943661.459	1580.000
581797.816	943662.740	1580.000
581792.982	943664.018	1580.000
581788.058	943664.879	1580.000
581783.070	943665.162	1580.001
581778.072	943665.285	1580.000
581773.073	943665.397	1580.000
581768.099	943664.936	1580.000
581763.216	943663.879	1580.003
581758.332	943662.807	1580.000
581753.446	943661.744	1580.000
581748.586	943660.572	1580.000
581743.758	943659.271	1580.000
581738.933	943657.989	1580.017
581734.010	943657.260	1579.992
581729.121	943656.268	1580.018
581724.193	943655.427	1580.000
581719.256	943654.635	1580.000
581714.322	943653.827	1579.997
581709.375	943653.104	1579.999
581704.400	943652.632	1580.000
581699.411	943652.293	1580.000
581694.422	943651.963	1580.000
581689.428	943651.892	1580.008
581684.479	943652.487	1580.000
581679.572	943653.447	1580.000
581674.658	943654.371	1579.996
581669.729	943655.207	1580.000
581664.807	943656.088	1580.000
581659.893	943657.013	1580.000
581654.975	943657.913	1580.000
581650.031	943658.646	1580.000
581645.053	943659.093	1580.000
581640.068	943659.468	1579.998
581635.108	943660.079	1580.000
581630.140	943660.574	1580.000
581625.147	943660.533	1580.000
581620.158	943660.203	1580.000
581615.170	943659.864	1580.000
581610.180	943659.541	1580.000
581605.188	943659.258	1580.000
581600.196	943658.978	1580.001
581595.208	943658.643	1580.000
581590.230	943658.183	1580.000
581585.268	943657.567	1580.000
581580.318	943656.863	1580.000
581575.360	943656.224	1580.003
581570.392	943655.660	1580.000
581565.427	943655.072	1580.000
581560.465	943654.453	1580.000
581555.501	943653.852	1579.997
581550.539	943653.239	1580.000
581545.586	943652.561	1580.000
581540.656	943651.728	1580.000
581535.727	943650.888	1580.000
581530.785	943650.140	1580.004
581525.839	943649.422	1580.000
581520.920	943648.526	1580.000
581516.000	943647.631	1580.000
581511.084	943646.718	1580.000
581506.168	943645.806	1579.999
581501.248	943644.917	1580.000
581496.310	943644.310	1579.995
581491.346	943644.772	1580.000
581486.477	943645.907	1580.000
581481.608	943647.043	1580.000
581476.740	943648.185	1580.000
581471.867	943649.307	1580.003
581466.957	943650.239	1580.000
581461.984	943650.750	1580.000
581457.007	943651.236	1580.003
581452.028	943651.685	1580.006
581447.041	943651.987	1580.016
581442.051	943651.946	1580.034
581437.098	943651.750	1580.028
581432.486	943651.078	1580.001