582608.017	943543.515	1400.000
582626.221	943551.717	1400.000
582645.055	943558.438	1400.000
582663.954	943564.981	1400.000
582682.299	943572.908	1400.000
582700.339	943581.543	1399.999
582718.060	943590.784	1400.000
582734.391	943602.306	1400.000
582750.183	943614.542	1400.000
582765.331	943627.592	1400.000
582782.770	943637.262	1400.000
582799.197	943648.474	1400.000
582814.781	943661.002	1400.000
582830.862	943672.887	1400.000
582847.416	943684.106	1400.000
582863.973	943695.323	1400.000
582881.637	943704.570	1400.000
582900.497	943711.035	1400.000
582919.602	943716.890	1400.000
582939.209	943720.679	1400.017
582950.263	943725.869	1400.020
582936.253	943739.987	1400.000
582919.837	943751.406	1400.000
582901.009	943756.165	1400.000
582881.036	943756.502	1400.000
582861.174	943757.947	1400.002
582841.385	943760.793	1400.016
582822.516	943761.327	1400.000
582804.676	943752.288	1400.000
582787.417	943742.268	1400.000
582772.617	943728.819	1400.000
582753.548	943723.499	1400.000
582734.587	943728.962	1400.000
582715.512	943734.905	1400.001
582695.684	943737.165	1400.003
582675.797	943737.856	1400.000
582657.600	943731.060	1400.000
582645.979	943737.356	1400.000
582643.511	943757.199	1400.000
582639.146	943776.601	1400.000
582631.080	943794.840	1400.000
582619.509	943811.152	1400.000
582608.487	943827.833	1399.992
582590.876	943835.553	1400.000
582571.056	943832.920	1400.000
582551.281	943829.964	1400.000
582531.360	943828.258	1399.992
582511.392	943828.844	1400.002
582493.090	943836.621	1399.982
582476.938	943848.407	1400.000
582459.767	943858.503	1400.001
582442.968	943869.104	1400.000
582434.756	943886.366	1400.000
582432.097	943906.189	1400.000
582429.216	943925.980	1400.000
582420.922	943943.782	1400.000
582403.442	943952.807	1400.000
582383.727	943956.121	1400.000
582363.907	943958.794	1400.000
582344.228	943962.337	1400.000
582324.756	943966.853	1400.001
582306.807	943974.417	1400.000
582297.105	943991.586	1400.000
582283.561	944006.148	1400.000
582268.193	944018.947	1400.000
582252.767	944031.676	1399.999
582239.504	944046.637	1399.998
582239.986	944065.193	1400.000
582251.155	944081.553	1400.000
582265.473	944095.505	1400.000
582278.865	944110.295	1400.000
582290.714	944126.404	1399.996
582301.128	944143.441	1400.000
582311.607	944160.445	1400.000
582319.967	944178.389	1399.999
582319.068	944198.115	1400.001
582310.625	944215.453	1400.000
582295.408	944228.175	1400.001
582276.884	944233.680	1399.989
582256.969	944235.100	1400.000
582236.999	944236.181	1399.999
582217.212	944238.908	1400.000
582197.482	944242.159	1400.000
582177.633	944242.276	1399.996
582158.427	944237.627	1400.003
582139.584	944231.038	1400.000
582120.317	944226.275	1400.000
582102.199	944219.322	1399.991
582088.590	944206.492	1400.000
582078.769	944189.077	1400.000
582065.545	944174.553	1400.000
582050.525	944161.541	1400.000
582045.362	944143.731	1399.982
582044.088	944123.982	1400.011
582043.671	944104.056	1400.000
582031.444	944090.971	1399.999
582011.451	944090.490	1400.001
581991.469	944091.251	1399.995
581971.552	944092.913	1400.000
581951.762	944090.842	1400.006
581935.385	944079.374	1400.000
581918.432	944068.773	1400.000
581901.058	944058.877	1399.990
581885.241	944047.245	1400.003
581873.826	944031.335	1399.989
581871.860	944011.454	1399.996
581862.221	943995.658	1400.001
581842.396	943994.511	1400.000
581823.864	943988.537	1400.000
581810.585	943973.701	1400.000
581803.372	943955.147	1400.000
581803.679	943935.481	1400.001
581799.663	943919.837	1399.944
581784.414	943931.415	1400.000
581770.462	943945.662	1400.000
581763.433	943963.954	1400.002
581759.121	943983.382	1400.000
581748.186	944000.064	1400.000
581734.634	944014.767	1399.997
581715.841	944019.657	1400.000
581696.036	944018.303	1400.000
581676.682	944013.265	1400.000
581657.376	944008.044	1399.996
581640.015	943998.486	1400.000
581624.647	943986.471	1399.990
581606.059	943979.119	1400.000
581587.332	943972.677	1400.000
581567.378	943973.976	1400.000
581562.503	943987.492	1400.000
581574.483	944003.224	1400.004
581585.400	944019.965	1400.001
581594.762	944037.300	1400.002
581597.340	944057.129	1400.000
581599.135	944077.044	1400.000
581599.877	944097.029	1400.000
581599.673	944117.022	1400.001
581595.336	944136.491	1400.000
581589.568	944155.641	1400.000
581575.280	944166.224	1400.000
581555.879	944171.077	1400.001
581536.942	944177.395	1400.004
581521.159	944189.573	1400.000
581504.374	944200.411	1400.002
581484.875	944202.405	1400.000
581465.047	944199.802	1400.000
581445.312	944196.592	1400.000
581425.646	944192.966	1400.000
581405.878	944189.940	1400.000
581386.177	944186.517	1400.000
581379.728	944200.856	1400.011
581371.416	944218.296	1400.000
581363.290	944232.548	1400.000
581356.156	944251.033	1400.013
581352.133	944264.096	1400.006
581371.690	944268.125	1399.995
581374.769	944287.150	1400.000
581374.262	944307.135	1400.000
581372.369	944327.037	1400.000
581369.513	944346.831	1400.000
581366.595	944366.617	1400.001
581366.377	944386.542	1399.961
581353.693	944401.582	1400.000
581335.711	944410.260	1400.000
581317.612	944418.768	1400.000
581299.475	944427.195	1400.000
581313.230	944439.079	1400.001
581329.856	944450.159	1399.997
581338.312	944467.823	1400.000
581345.345	944486.543	1399.998
581352.985	944504.993	1400.000
581362.402	944522.549	1400.000
581359.902	944539.550	1399.996
581341.377	944546.763	1400.000
581321.923	944551.193	1400.000
581303.298	944557.803	1399.998
581284.347	944563.918	1399.990
581264.872	944568.385	1400.000
581245.023	944569.479	1400.000
581225.102	944567.705	1400.000
581205.226	944566.578	1400.009
581208.954	944583.105	1400.000
581216.659	944601.561	1400.000
581222.648	944620.556	1400.000
581224.977	944640.025	1400.000
581223.245	944659.927	1400.000
581212.521	944676.239	1400.001
581192.887	944680.034	1400.000
581173.593	944685.120	1400.000
581154.743	944691.670	1400.000
581136.302	944699.412	1400.000
581123.209	944713.881	1400.000
581106.749	944724.406	1400.010
581087.156	944728.294	1400.000
581067.456	944729.986	1400.000
581047.980	944725.826	1400.001
581029.641	944717.858	1400.000
581010.648	944714.230	1400.000
580994.485	944725.711	1400.000
580977.782	944736.453	1400.003
580958.270	944733.902	1400.000
580938.814	944729.269	1400.000
580919.137	944725.780	1400.000
580901.559	944727.833	1400.000
580908.388	944746.463	1399.984
580908.629	944766.299	1400.001
580909.048	944786.265	1400.007
580909.643	944806.243	1400.003
580914.061	944825.495	1400.000
580921.122	944844.204	1400.000
580927.777	944863.065	1400.000
580932.619	944882.406	1400.000
580932.411	944902.261	1400.000
580930.188	944922.131	1400.000
580929.745	944942.099	1400.000
580931.133	944962.038	1400.000
580933.674	944981.871	1400.000
580936.689	945001.642	1400.000
580939.704	945021.414	1400.000
580942.763	945041.178	1400.000
580946.415	945060.805	1399.997
580951.324	945080.169	1400.000
580957.285	945099.259	1400.000
580963.303	945118.333	1400.000
580969.332	945137.402	1400.000
580975.298	945156.490	1400.006
580982.351	945175.156	1400.000
580992.231	945192.542	1400.000
581000.892	945210.569	1400.000
581009.523	945228.610	1400.000
581019.567	945245.885	1400.000
581030.994	945262.284	1400.000
581044.639	945276.874	1400.000
581060.542	945288.632	1400.000
581077.622	945298.849	1400.005
581093.189	945311.281	1400.000
581105.422	945327.103	1400.000
581116.993	945343.392	1400.000
581128.177	945359.965	1400.000
581140.759	945375.480	1400.000
581154.380	945390.124	1400.000
581167.051	945405.590	1399.999
581179.341	945421.366	1399.999
581190.233	945438.048	1400.000
581197.397	945456.666	1400.002
581202.778	945475.918	1400.000
581206.938	945495.480	1400.000
581211.051	945515.053	1400.000
581214.572	945534.716	1400.003
581215.643	945554.687	1399.996
581216.902	945574.607	1400.030
581201.595	945575.412	1400.000
581184.015	945566.138	1399.990
581167.590	945554.728	1400.000
581150.508	945544.353	1400.000
581132.967	945534.746	1400.000
581115.448	945525.097	1400.000
581098.168	945515.030	1400.000
581080.936	945504.880	1400.000
581063.702	945494.731	1400.000
581046.553	945484.443	1400.007
581029.733	945473.694	1400.000
581014.865	945460.320	1400.000
581000.712	945446.205	1400.000
580986.177	945432.467	1400.000
580971.616	945418.757	1400.000
580957.051	945405.051	1400.000
580942.486	945391.344	1400.000
580928.050	945377.505	1400.000
580914.203	945363.077	1400.000
580900.594	945348.422	1400.000
580886.469	945334.290	1400.000
580871.585	945320.946	1400.000
580855.055	945309.687	1400.000
580838.312	945298.750	1399.995
580821.347	945288.163	1400.000
580804.202	945277.865	1400.000
580787.053	945267.575	1400.000
580769.868	945257.344	1400.000
580752.703	945247.086	1400.000
580735.670	945236.603	1399.998
580719.095	945225.438	1400.000
580703.001	945213.564	1400.000
580686.907	945201.690	1400.000
580670.757	945189.895	1400.003
580653.797	945179.309	1400.000
580634.778	945173.304	1399.999
580615.516	945167.921	1400.000
580596.247	945162.566	1400.000
580576.977	945157.212	1400.000
580557.692	945151.914	1400.000
580538.194	945147.474	1400.000
580518.378	945147.335	1400.000
580498.855	945151.390	1400.000
580479.574	945156.707	1400.000
580460.300	945162.044	1400.000
580441.025	945167.381	1400.000
580421.368	945169.105	1400.000
580402.038	945164.674	1400.000
580383.204	945157.945	1400.000
580364.390	945151.162	1400.000
580345.818	945143.758	1399.988
580327.514	945135.720	1400.000
580309.209	945128.331	1400.014
580289.288	945129.792	1399.987
580269.401	945127.735	1400.000
580249.524	945125.518	1400.000
580229.648	945123.295	1400.000
580209.794	945120.919	1400.000
580190.158	945117.437	1400.000
580171.576	945110.043	1400.000
580153.190	945102.172	1400.000
580134.809	945094.291	1400.000
580116.332	945086.637	1400.000
580097.343	945080.437	1400.000
580078.061	945075.211	1400.000
580058.491	945071.198	1400.000
580038.776	945067.843	1400.000
580018.975	945068.262	1400.000
579999.520	945072.833	1400.000
579980.419	945078.763	1400.000
579961.319	945084.696	1400.000
579942.218	945090.623	1400.000
579922.693	945094.217	1400.000
579903.188	945093.374	1400.000
579883.889	945088.125	1400.000
579864.802	945087.835	1400.000
579846.502	945095.755	1400.000
579829.117	945105.642	1400.000
579811.731	945115.526	1400.000
579794.342	945125.408	1400.000
579776.959	945135.299	1400.000
579759.597	945145.227	1400.000
579742.392	945155.423	1400.000
579726.660	945167.484	1400.001
579715.261	945183.902	1400.000
579702.450	945199.212	1399.999
579691.461	945215.844	1400.000
579675.377	945227.585	1400.000
579656.299	945233.190	1399.999
579636.871	945237.939	1400.000
579617.450	945242.715	1400.000
579598.239	945248.223	1400.000
579581.779	945259.114	1400.000
579565.280	945258.406	1400.000
579549.398	945246.267	1400.002
579532.793	945235.133	1400.000
579514.515	945227.045	1400.000
579498.154	945215.648	1400.000
579480.825	945205.794	1400.000
579462.245	945198.560	1400.003
579442.774	945194.561	1400.000
579422.977	945196.053	1400.000
579403.191	945198.609	1400.004
579383.368	945200.029	1400.000
579364.205	945199.391	1400.005
579346.774	945191.053	1400.000
579332.442	945177.103	1400.000
579317.479	945163.832	1400.000
579302.537	945150.543	1400.000
579289.423	945135.618	1400.000
579282.093	945117.080	1400.000
579276.079	945098.007	1400.000
579272.075	945078.435	1400.000
579266.004	945059.460	1399.999
579260.495	945040.448	1400.000
579268.058	945022.531	1400.000
579286.197	945014.601	1400.000
579292.388	945002.597	1399.987
579279.293	944987.492	1400.000
579266.357	944972.247	1400.000
579255.907	944955.196	1400.001
579246.433	944937.590	1400.000
579231.688	944937.229	1400.000
579214.347	944947.145	1400.000
579195.918	944954.795	1399.997
579176.460	944958.960	1400.000
579156.964	944963.234	1400.000
579137.300	944966.862	1400.000
579117.614	944970.386	1400.000
579098.027	944974.416	1400.000
579078.512	944978.776	1400.012
579060.064	944986.481	1400.000
579042.152	944995.356	1400.000
579025.005	945005.644	1400.000
579007.957	945016.103	1400.000
578989.213	945021.926	1400.000
578969.243	945021.024	1400.000
578949.692	945018.144	1400.000
578932.240	945008.377	1400.000
578914.930	944998.359	1400.000
578897.136	944989.322	1400.000
578878.435	944982.244	1400.000
578859.656	944975.371	1400.000
578842.644	944965.386	1400.000
578826.856	944953.108	1400.000
578812.596	944939.149	1400.000
578800.049	944923.574	1400.000
578805.192	944910.800	1400.000
578823.620	944903.039	1399.973
578842.634	944896.928	1399.999
578861.179	944889.441	1400.000
578880.925	944886.951	1400.000
578899.475	944880.288	1400.000
578917.440	944871.540	1400.001
578935.868	944863.769	1400.000
578953.940	944855.232	1400.000
578972.254	944847.193	1400.000
578990.613	944839.261	1400.000
579008.007	944829.526	1400.000
579025.028	944819.033	1400.000
579042.633	944809.804	1400.000
579059.479	944799.247	1400.000
579076.264	944788.638	1400.000
579095.243	944782.331	1400.000
579113.670	944774.614	1400.000
579132.455	944767.747	1400.000
579151.235	944760.870	1400.000
579168.116	944750.356	1400.000
579184.987	944739.704	1400.000
579203.729	944732.750	1400.000
579222.850	944726.903	1400.000
579242.270	944726.240	1400.000
579261.929	944729.908	1400.000
579281.610	944733.464	1400.000
579301.269	944737.139	1400.001
579320.764	944741.602	1400.000
579340.247	944746.121	1400.000
579359.699	944750.767	1400.000
579377.912	944758.259	1399.986
579393.788	944770.401	1400.002
579409.179	944783.167	1399.998
579425.093	944795.253	1400.000
579443.387	944802.447	1400.000
579462.816	944807.146	1399.998
579482.396	944811.221	1400.000
579502.011	944815.123	1400.000
579521.665	944818.826	1400.000
579541.341	944822.412	1399.999
579560.679	944827.394	1400.000
579579.781	944833.309	1400.000
579599.047	944838.675	1400.013
579618.374	944843.792	1400.000
579637.544	944849.479	1400.000
579656.725	944855.094	1400.003
579676.557	944857.536	1400.000
579696.509	944856.332	1400.000
579716.453	944854.830	1400.000
579736.397	944853.337	1400.000
579756.352	944852.010	1400.000
579776.322	944850.931	1400.003
579796.247	944850.588	1400.000
579815.715	944854.852	1400.006
579834.273	944862.253	1400.000
579853.335	944868.189	1400.000
579872.842	944872.559	1399.996
579890.948	944881.027	1400.000
579910.098	944886.636	1400.000
579929.292	944892.235	1400.004
579947.890	944899.547	1400.000
579967.083	944898.422	1400.005
579986.837	944895.498	1400.000
580006.556	944892.160	1400.000
580026.276	944888.821	1400.000
580045.995	944885.482	1400.000
580065.707	944882.098	1400.000
580084.701	944876.102	1400.000
580103.049	944868.144	1400.000
580121.782	944861.231	1400.005
580141.113	944856.496	1399.999
580160.944	944853.922	1399.998
580180.736	944851.059	1400.000
580200.592	944848.687	1400.000
580220.480	944846.585	1400.000
580240.360	944844.420	1400.000
580260.230	944842.174	1400.001
580279.889	944838.665	1399.999
580299.415	944834.339	1400.001
580318.966	944830.135	1400.000
580338.593	944826.295	1400.000
580358.225	944822.481	1400.000
580377.812	944818.451	1400.003
580397.327	944814.071	1399.999
580416.568	944808.685	1399.997
580435.596	944802.614	1400.000
580454.924	944797.611	1400.000
580474.331	944792.801	1400.000
580493.345	944786.681	1400.000
580512.635	944781.526	1400.000
580531.821	944775.880	1400.000
580551.120	944770.639	1399.993
580570.531	944766.010	1400.005
580589.190	944758.857	1400.000
580607.500	944750.816	1400.000
580625.875	944742.918	1399.998
580644.070	944734.618	1400.000
580662.464	944726.780	1400.000
580680.735	944718.660	1399.987
580698.406	944709.311	1400.000
580717.060	944702.288	1400.000
580734.120	944692.009	1399.999
580732.542	944679.146	1400.000
580720.039	944663.561	1400.000
580707.978	944647.634	1399.994
580694.819	944632.592	1400.000
580678.471	944621.099	1399.989
580664.902	944607.229	1400.000
580679.236	944593.328	1400.000
580693.408	944579.294	1400.000
580705.301	944563.271	1400.000
580716.416	944546.645	1400.000
580726.951	944529.648	1400.000
580736.093	944511.877	1400.002
580742.181	944492.838	1399.999
580748.842	944473.983	1400.000
580755.137	944455.006	1400.000
580760.622	944435.774	1400.000
580765.768	944416.448	1400.000
580770.832	944397.116	1400.000
580775.008	944377.576	1400.000
580783.266	944359.471	1400.000
580793.143	944342.084	1400.000
580801.968	944324.141	1400.000
580810.326	944305.988	1400.001
580817.010	944287.139	1400.000
580822.538	944267.993	1400.000
580828.180	944249.004	1400.001
580831.589	944229.333	1400.000
580838.137	944210.437	1400.000
580844.932	944191.627	1400.000
580851.898	944172.879	1400.000
580859.487	944154.376	1400.000
580867.789	944136.185	1400.000
580876.341	944118.105	1400.000
580884.865	944100.012	1400.000
580893.385	944081.918	1400.000
580900.774	944063.355	1400.000
580906.112	944044.085	1399.993
580909.845	944024.468	1400.000
580914.111	944005.061	1400.000
580919.655	943986.070	1400.000
580918.363	943966.121	1400.000
580918.411	943946.126	1400.000
580919.386	943926.215	1400.000
580926.859	943907.710	1400.000
580937.563	943890.842	1400.000
580950.402	943875.589	1400.000
580961.036	943861.861	1400.004
580942.717	943853.886	1400.000
580926.392	943842.552	1399.999
580913.034	943827.683	1400.000
580894.452	943827.589	1400.000
580874.893	943831.753	1400.000
580855.737	943837.401	1400.000
580836.987	943844.335	1400.000
580817.993	943850.244	1400.000
580799.872	943846.722	1400.000
580787.777	943830.905	1399.995
580783.816	943811.416	1400.091
580764.974	943806.102	1399.999
580750.591	943793.138	1400.000
580744.620	943774.156	1400.000
580737.237	943755.607	1399.999
580729.790	943737.046	1400.000
580732.432	943718.227	1400.000
580744.304	943702.445	1400.000
580759.119	943689.030	1400.000
580776.447	943679.255	1400.000
580794.671	943671.017	1400.000
580812.724	943662.413	1400.000
580830.322	943652.914	1400.000
580845.707	943640.265	1400.000
580860.275	943626.664	1400.000
580877.269	943616.322	1399.991
580897.018	943614.844	1400.000
580916.591	943618.836	1400.000
580934.683	943627.197	1400.000
580950.091	943639.910	1400.000
580966.566	943651.206	1400.000
580977.275	943643.382	1400.002
580981.158	943623.777	1400.000
580987.455	943604.920	1400.000
581006.189	943599.574	1400.000
581026.082	943598.838	1400.006
581044.794	943592.177	1400.000
581063.647	943594.803	1400.000
581081.091	943596.177	1399.984
581094.935	943581.749	1400.000
581111.030	943570.124	1399.999
581126.662	943557.679	1400.000
581140.955	943543.829	1400.000
581156.763	943531.826	1400.000
581172.663	943519.959	1400.000
581189.478	943509.981	1400.000
581206.403	943499.621	1400.000
581225.697	943494.550	1400.000
581245.286	943490.540	1400.000
581264.175	943484.153	1400.009
581280.231	943472.379	1400.000
581295.380	943459.342	1400.000
581311.550	943447.642	1400.001
581327.672	943436.013	1400.000
581339.073	943419.905	1399.998
581349.950	943403.140	1400.000
581361.862	943387.191	1400.000
581379.120	943377.535	1400.000
581398.129	943371.354	1400.000
581417.489	943366.341	1400.000
581436.555	943360.424	1400.000
581455.199	943353.242	1400.000
581465.237	943336.687	1400.000
581473.695	943318.702	1400.000
581492.061	943313.493	1400.000
581511.985	943313.743	1400.000
581530.539	943306.401	1400.000
581549.723	943302.751	1400.000
581569.406	943306.246	1400.000
581588.736	943311.372	1400.103
581608.279	943315.526	1400.000
581626.810	943322.964	1399.948
581643.050	943334.521	1400.000
581658.654	943347.032	1400.000
581674.256	943359.545	1400.000
581689.859	943372.058	1400.000
581705.474	943384.554	1400.000
581721.227	943396.876	1400.000
581737.041	943409.119	1400.000
581752.525	943421.769	1400.000
581766.914	943435.660	1400.000
581781.601	943449.232	1400.000
581797.069	943461.906	1400.000
581812.659	943474.435	1400.000
581828.260	943486.949	1400.000
581844.376	943498.790	1400.000
581861.670	943508.761	1400.000
581879.891	943516.978	1400.000
581898.517	943524.231	1400.000
581917.200	943531.330	1400.000
581935.184	943540.046	1400.000
581952.583	943549.897	1400.000
581970.167	943559.403	1400.000
581988.723	943566.851	1400.000
582007.369	943574.084	1400.000
582026.647	943579.377	1400.000
582046.508	943581.032	1400.000
582066.466	943581.824	1400.000
582086.407	943582.849	1399.978
582106.358	943584.022	1400.015
582125.842	943580.040	1400.000
582144.880	943574.037	1400.000
582163.487	943566.771	1400.035
582182.443	943560.419	1400.000
582200.643	943552.571	1400.000
582215.976	943539.730	1400.000
582231.949	943527.716	1399.997
582247.047	943514.617	1400.000
582264.869	943507.888	1400.001
582284.864	943508.306	1400.000
582304.805	943509.759	1400.000
582324.645	943512.248	1400.000
582344.538	943513.629	1400.000
582360.701	943503.483	1400.000
582378.687	943498.010	1400.008
582398.451	943500.983	1400.003
582418.178	943504.104	1400.000
582438.076	943505.079	1400.000
582457.958	943502.978	1400.000
582477.882	943503.175	1400.000
582496.789	943508.532	1400.000
582514.266	943517.254	1400.001
582534.217	943516.313	1400.006
582554.131	943518.154	1400.000
582573.343	943523.403	1400.000
