582272.418	943648.282	1520.000
582277.411	943648.036	1520.000
582282.406	943647.802	1520.000
582287.400	943647.568	1520.000
582292.234	943646.301	1520.000
582297.049	943644.952	1520.000
582301.863	943643.600	1520.000
582306.558	943641.890	1520.000
582311.218	943640.079	1520.000
582316.014	943638.705	1520.023
582320.921	943638.903	1520.025
582325.864	943639.647	1520.000
582330.819	943640.304	1520.000
582335.776	943640.961	1519.993
582340.714	943641.739	1520.000
582345.672	943642.371	1519.999
582350.651	943642.833	1520.000
582355.634	943643.240	1520.000
582360.620	943643.618	1519.999
582365.610	943643.927	1519.997
582370.598	943644.269	1520.000
582375.581	943644.676	1520.000
582380.573	943644.774	1519.989
582385.565	943644.918	1519.993
582390.353	943646.065	1520.027
582391.697	943649.616	1519.996
582390.082	943654.340	1520.000
582388.616	943659.120	1520.000
582386.373	943663.270	1520.001
582381.942	943665.586	1520.000
582377.415	943667.668	1520.000
582372.544	943668.794	1520.000
582367.893	943670.613	1520.004
582363.009	943671.670	1520.000
582358.108	943672.659	1520.000
582353.204	943673.630	1520.009
582348.476	943675.250	1520.000
582343.813	943677.052	1520.000
582339.167	943678.899	1520.002
582334.556	943680.833	1520.000
582329.922	943682.710	1520.000
582325.241	943684.467	1520.000
582320.539	943686.168	1520.000
582315.834	943687.858	1520.000
582311.079	943689.398	1519.993
582306.257	943690.710	1520.014
582301.543	943692.357	1520.002
582297.740	943695.201	1519.997
582296.009	943699.833	1519.995
582294.839	943704.685	1520.000
582293.423	943709.479	1520.000
582291.517	943714.071	1520.000
582288.976	943718.377	1520.000
582286.423	943722.676	1520.001
582283.736	943726.892	1520.003
582280.406	943730.609	1520.000
582276.730	943733.975	1520.017
582272.459	943736.557	1520.000
582267.685	943738.044	1520.000
582262.760	943738.897	1520.000
582257.788	943739.375	1519.996
582252.791	943739.243	1520.000
582247.792	943739.275	1520.000
582242.797	943739.509	1520.000
582237.808	943739.842	1520.000
582232.829	943740.298	1520.000
582227.846	943740.707	1520.000
582222.854	943740.979	1520.000
582219.386	943744.153	1520.014
582217.610	943748.824	1520.000
582215.963	943753.545	1520.000
582214.310	943758.264	1520.000
582212.657	943762.983	1520.000
582210.995	943767.698	1520.001
582209.017	943772.290	1520.001
582206.567	943776.647	1520.000
582204.170	943781.035	1520.000
582201.480	943785.240	1520.000
582198.631	943789.347	1520.000
582195.912	943793.543	1520.008
582193.092	943797.670	1520.000
582190.139	943801.704	1520.000
582187.207	943805.754	1519.998
582183.752	943809.338	1520.000
582179.986	943812.626	1520.000
582175.962	943815.593	1520.005
582172.088	943818.752	1520.000
582168.277	943821.990	1520.000
582164.589	943825.364	1519.993
582160.981	943828.819	1520.000
582157.199	943832.090	1520.000
582153.388	943835.318	1519.994
582149.701	943838.694	1520.000
582145.831	943841.847	1520.000
582141.885	943844.912	1520.000
582138.085	943848.159	1520.000
582134.136	943851.225	1520.000
582130.384	943854.521	1520.000
582126.706	943857.902	1520.000
582122.768	943860.983	1520.000
582118.832	943864.066	1520.000
582114.897	943867.151	1520.000
582110.995	943870.278	1519.996
582107.000	943873.282	1520.000
582103.061	943876.363	1520.000
582099.160	943879.489	1520.005
582095.422	943882.809	1520.000
582091.643	943886.077	1520.007
582088.109	943889.577	1520.003
582083.568	943891.075	1520.008
582079.283	943889.046	1520.000
582075.354	943885.968	1520.001
582071.934	943882.372	1520.000
582069.402	943878.061	1520.000
582067.029	943873.670	1520.000
582064.719	943869.246	1519.993
582061.186	943865.914	1520.006
582056.717	943863.672	1519.999
582052.285	943861.358	1520.000
582047.736	943859.282	1520.000
582043.078	943857.468	1520.000
582038.413	943855.668	1520.000
582033.754	943853.854	1519.996
582029.620	943851.140	1520.009
582025.983	943847.742	1520.000
582023.533	943843.407	1519.960
582021.526	943838.842	1520.034
582019.372	943834.340	1520.000
582016.707	943830.154	1520.000
582013.379	943826.452	1519.999
582009.423	943823.403	1519.992
582005.100	943820.905	1520.000
582000.647	943818.630	1520.001
581996.193	943816.359	1519.998
581991.698	943814.183	1520.000
581986.968	943812.580	1520.000
581982.047	943811.694	1520.000
581977.125	943810.815	1520.000
581972.208	943809.912	1519.999
581967.451	943808.392	1520.000
581962.456	943808.183	1520.000
581957.460	943807.973	1520.000
581952.473	943807.742	1519.996
581949.809	943803.519	1520.001
581947.322	943799.199	1519.998
581945.827	943794.427	1520.000
581943.930	943789.815	1519.998
581941.546	943785.425	1520.000
581939.059	943781.090	1520.055
581935.728	943777.517	1520.000
581931.196	943775.442	1520.000
581926.381	943774.144	1520.000
581921.423	943773.496	1520.000
581916.464	943772.927	1519.954
581911.523	943772.195	1520.021
581906.660	943771.482	1520.000
581902.282	943769.066	1520.000
581898.005	943766.489	1520.000
581893.912	943763.617	1520.000
581889.977	943760.538	1520.000
581886.208	943757.257	1520.000
581882.590	943753.806	1520.000
581878.767	943750.592	1520.000
581874.821	943747.521	1520.000
581870.520	943744.989	1520.000
581865.984	943742.905	1520.003
581861.282	943741.204	1519.989
581856.619	943739.401	1520.000
581851.949	943737.625	1520.000
581847.108	943736.386	1520.000
581842.155	943735.705	1520.000
581837.201	943735.029	1520.000
581832.238	943734.428	1520.000
581827.240	943734.332	1520.000
581822.250	943734.654	1520.000
581817.260	943734.970	1520.000
581812.265	943735.165	1520.000
581807.315	943735.857	1520.000
581802.479	943737.128	1520.000
581797.646	943738.408	1520.000
581792.827	943739.741	1520.000
581788.143	943741.486	1520.000
581783.576	943743.518	1519.962
581778.728	943744.728	1520.000
581773.855	943745.847	1520.000
581769.057	943747.242	1520.000
581764.405	943749.064	1520.000
581759.803	943751.019	1520.000
581755.212	943752.999	1520.001
581750.605	943754.940	1520.000
581745.962	943756.795	1520.000
581741.336	943758.690	1519.986
581736.777	943760.741	1520.000
581732.281	943762.862	1520.000
581727.325	943762.436	1520.000
581723.096	943759.768	1520.000
581718.905	943757.123	1520.000
581714.406	943755.053	1519.994
581710.436	943752.031	1520.006
581706.624	943748.864	1520.000
581703.154	943745.270	1520.000
581699.564	943741.791	1520.000
581695.927	943738.360	1520.007
581691.748	943735.742	1520.000
581686.870	943734.642	1520.000
581682.018	943733.438	1520.000
581677.167	943732.224	1520.000
581672.318	943731.019	1519.998
581667.327	943730.744	1520.000
581662.328	943730.846	1520.000
581657.329	943730.949	1520.000
581652.330	943731.059	1519.997
581647.338	943731.249	1520.000
581642.427	943732.190	1520.000
581637.515	943733.124	1520.000
581632.607	943734.079	1520.000
581627.705	943735.065	1520.000
581622.796	943736.012	1520.000
581617.886	943736.958	1520.000
581612.981	943737.929	1520.000
581607.992	943738.147	1520.000
581603.039	943737.515	1520.000
581598.090	943736.799	1520.000
581593.119	943737.095	1519.971
581588.153	943737.642	1520.000
581583.186	943738.218	1520.000
581578.236	943738.905	1520.011
581573.382	943740.103	1520.000
581568.517	943741.253	1520.000
581563.626	943742.293	1520.000
581558.861	943743.783	1520.000
581554.133	943745.411	1520.000
581549.350	943746.861	1520.000
581544.443	943747.741	1520.000
581539.477	943748.318	1520.000
581534.510	943748.895	1520.000
581529.527	943749.042	1519.988
581524.599	943748.322	1520.000
581519.711	943747.270	1520.000
581514.814	943746.259	1520.000
581509.882	943745.463	1520.000
581504.904	943745.024	1520.000
581499.914	943744.710	1520.000
581494.962	943744.093	1520.001
581490.037	943743.265	1520.000
581485.068	943743.159	1520.000
581480.086	943743.590	1520.000
581475.104	943744.006	1520.000
581470.149	943744.635	1520.000
581465.190	943745.177	1519.981
581460.216	943744.870	1520.000
581455.262	943744.194	1520.000
581450.314	943743.474	1520.000
581445.382	943742.658	1520.000
581440.449	943741.848	1520.002
581435.501	943741.130	1520.000
581430.561	943740.359	1520.000
581425.650	943739.423	1520.000
581420.756	943738.401	1519.996
581415.857	943737.406	1520.000
581410.935	943736.525	1520.000
581406.010	943735.663	1520.000
581401.083	943734.814	1520.000
581396.153	943733.978	1519.996
581391.222	943733.150	1520.000
581386.285	943732.362	1520.000
581381.348	943731.571	1520.000
581376.411	943730.780	1520.000
581371.461	943730.130	1520.005
581366.465	943730.093	1520.000
581361.468	943730.270	1520.000
581356.471	943730.447	1520.000
581351.496	943730.804	1520.019
581347.002	943732.769	1519.987
581344.273	943736.942	1519.990
581342.354	943741.555	1520.000
581340.495	943746.197	1520.000
581338.125	943750.585	1520.000
581335.150	943754.579	1520.005
581331.557	943758.054	1520.000
581327.928	943761.493	1520.000
581324.360	943764.995	1520.000
581320.621	943768.314	1520.000
581316.790	943771.526	1520.000
581312.903	943774.671	1520.000
581308.940	943777.719	1520.000
581304.941	943780.721	1520.000
581301.152	943783.956	1520.000
581297.710	943787.583	1520.000
581294.289	943791.229	1520.000
581291.048	943795.031	1520.000
581287.955	943798.960	1520.000
581284.932	943802.942	1520.000
581281.889	943806.910	1520.000
581279.019	943811.002	1520.000
581276.318	943815.208	1519.999
581273.553	943819.373	1520.000
581270.729	943823.500	1520.000
581267.915	943827.632	1520.002
581265.466	943831.991	1520.000
581263.693	943836.657	1520.000
581262.012	943841.366	1520.000
581260.311	943846.068	1520.000
581258.615	943850.772	1520.000
581256.938	943855.482	1520.001
581255.408	943860.242	1520.000
581253.935	943865.020	1520.000
581252.567	943869.828	1520.000
581252.000	943874.760	1520.000
581252.057	943879.760	1520.000
581252.115	943884.759	1520.000
581251.987	943889.753	1519.998
581251.649	943894.741	1520.000
581251.300	943899.729	1520.000
581250.952	943904.717	1520.000
581250.642	943909.707	1519.995
581250.602	943914.699	1520.000
581250.856	943919.693	1520.000
581251.109	943924.687	1520.000
581251.698	943929.637	1519.998
581252.968	943934.458	1520.000
581255.119	943938.906	1520.016
581259.265	943941.587	1520.026
581263.506	943944.055	1519.988
581267.450	943947.122	1519.999
581265.454	943950.996	1520.000
581262.413	943954.964	1520.000
581259.274	943958.855	1519.994
581255.819	943962.468	1520.000
581252.238	943965.928	1520.000
581247.581	943967.720	1519.996
581243.035	943965.715	1520.010
581238.435	943963.768	1520.000
581233.862	943961.747	1520.000
581229.114	943960.217	1520.000
581224.191	943959.427	1520.000
581219.277	943958.652	1519.971
581214.537	943957.161	1520.005
581209.777	943955.672	1520.000
581204.906	943954.570	1520.000
581199.984	943953.690	1520.000
581195.061	943952.825	1520.000
581190.128	943952.728	1520.000
581185.349	943954.075	1520.000
581180.748	943956.032	1520.000
581176.236	943958.164	1520.000
581171.981	943960.786	1520.000
581167.907	943963.685	1520.000
581164.435	943967.256	1519.997
581161.696	943971.438	1520.000
581159.070	943975.692	1520.000
581157.228	943980.281	1520.000
581156.122	943985.157	1520.000
581154.374	943989.795	1520.000
581151.658	943993.954	1519.999
581148.391	943997.714	1520.007
581147.246	944002.574	1520.002
581147.911	944007.530	1519.999
581148.283	944012.514	1520.000
581148.727	944017.494	1520.000
581149.171	944022.474	1520.000
581149.613	944027.454	1520.000
581149.914	944032.445	1520.000
581149.563	944037.433	1520.000
581149.205	944042.420	1520.000
581148.578	944047.379	1520.001
581145.520	944051.246	1520.000
581141.618	944054.343	1520.003
581137.422	944057.061	1519.996
581132.624	944058.450	1520.000
581127.715	944059.399	1520.000
581122.814	944060.390	1520.000
581118.057	944061.912	1519.985
581113.374	944063.662	1520.000
581108.620	944065.208	1519.999
581104.191	944067.465	1519.999
581100.130	944070.382	1520.000
581096.538	944073.711	1519.971
581095.157	944078.226	1519.999
581097.228	944082.775	1519.996
581098.942	944087.472	1520.000
581100.176	944092.317	1520.000
581100.044	944097.308	1520.000
581099.980	944102.308	1520.000
581100.018	944107.307	1520.000
581099.830	944112.304	1520.000
581098.357	944117.074	1520.005
581095.137	944120.813	1520.000
581091.472	944124.211	1520.009
581087.490	944127.229	1520.000
581082.766	944128.861	1520.000
581078.024	944130.446	1520.000
581073.241	944131.896	1520.011
581068.350	944131.341	1519.975
581063.580	944129.937	1520.002
581058.731	944128.889	1520.000
581053.789	944128.140	1519.995
581051.431	944124.667	1519.976
581052.584	944119.987	1520.000
581055.129	944115.706	1520.000
581057.485	944111.325	1520.000
581059.007	944106.565	1520.000
581060.282	944101.732	1519.997
581062.223	944097.131	1519.998
581064.653	944092.761	1520.000
581066.605	944088.160	1520.000
581067.140	944083.229	1519.985
581067.163	944078.234	1519.997
581067.108	944073.235	1520.000
581067.515	944068.255	1520.000
581067.747	944063.262	1520.001
581067.880	944058.263	1520.000
581068.004	944053.265	1520.000
581068.434	944048.292	1520.047
581067.816	944043.335	1520.004
581066.939	944038.413	1519.994
581066.055	944033.492	1520.000
581066.137	944028.517	1520.000
581067.084	944023.620	1520.010
581068.441	944018.809	1520.000
581069.860	944014.014	1520.000
581072.151	944009.618	1520.000
581075.019	944005.525	1520.000
581078.038	944001.540	1520.003
581081.048	943997.547	1520.000
581084.040	943993.541	1519.995
581086.630	943989.278	1520.000
581087.405	943984.533	1519.998
581087.148	943979.542	1520.000
581086.877	943974.549	1520.000
581086.790	943969.553	1520.000
581086.836	943964.553	1519.996
581086.867	943959.554	1520.000
581086.878	943954.554	1520.000
581086.981	943949.555	1520.000
581087.378	943944.575	1520.000
581087.987	943939.612	1520.000
581088.604	943934.650	1520.000
581089.626	943929.771	1519.984
581091.904	943925.365	1520.000
581094.657	943921.192	1520.000
581097.385	943917.001	1520.001
581099.983	943912.729	1520.000
581102.219	943908.258	1520.000
581104.260	943903.698	1519.975
581107.039	943899.546	1520.000
581109.909	943895.451	1520.000
581112.806	943891.377	1520.000
581115.789	943887.364	1520.000
581118.822	943883.389	1520.000
581121.886	943879.438	1520.001
581124.994	943875.521	1520.000
581127.921	943871.489	1519.988
581129.906	943866.914	1520.000
581131.080	943862.054	1520.000
581132.255	943857.193	1520.000
581133.188	943852.286	1520.000
581133.446	943847.293	1520.000
581133.647	943842.297	1520.000
581133.853	943837.301	1520.003
581134.138	943832.310	1520.000
581134.320	943827.313	1520.000
581134.200	943822.315	1520.000
581134.101	943817.317	1520.007
581134.369	943812.332	1520.000
581134.654	943807.342	1520.000
581134.098	943802.373	1520.000
581133.539	943797.405	1519.998
581132.950	943792.440	1520.000
581132.371	943787.474	1520.000
581132.094	943782.482	1520.000
581131.816	943777.489	1520.000
581131.539	943772.497	1520.000
581131.717	943767.507	1520.000
581131.180	943762.539	1520.001
581131.621	943757.568	1520.003
581134.804	943753.739	1519.997
581138.395	943750.261	1520.000
581142.097	943746.907	1520.000
581145.499	943743.282	1519.984
581147.965	943738.940	1520.000
581150.598	943734.689	1520.000
581153.574	943730.697	1520.000
581157.064	943727.124	1520.000
581160.964	943723.996	1520.000
581164.257	943720.300	1520.000
581167.085	943716.176	1520.000
581170.136	943712.218	1520.000
581173.503	943708.525	1520.000
581177.188	943705.147	1520.000
581180.886	943701.785	1520.015
581183.908	943697.811	1520.000
581186.766	943693.709	1520.000
581189.840	943689.769	1520.001
581193.020	943685.913	1520.000
581196.369	943682.200	1520.000
581199.751	943678.518	1519.999
581203.225	943674.921	1520.000
581206.746	943671.372	1520.000
581210.328	943667.884	1520.000
581213.950	943664.438	1520.000
581217.611	943661.032	1519.999
581221.158	943657.510	1520.000
581224.592	943653.875	1520.000
581228.166	943650.382	1519.999
581231.781	943646.928	1520.000
581235.523	943643.613	1520.000
581239.217	943640.244	1519.993
581242.593	943636.559	1520.000
581245.825	943632.744	1520.000
581249.340	943629.192	1519.984
581253.265	943626.102	1520.000
581257.299	943623.148	1520.000
581261.376	943620.254	1519.998
581265.566	943617.526	1520.000
581269.933	943615.111	1520.000
581274.489	943613.059	1520.005
581279.049	943611.009	1520.000
581283.612	943608.964	1520.000
581288.188	943606.951	1520.000
581292.862	943605.183	1520.000
581297.714	943603.975	1520.000
581302.566	943602.766	1520.001
581307.349	943601.310	1520.000
581312.082	943599.699	1520.000
581316.767	943597.952	1520.000
581321.363	943595.985	1520.000
581325.939	943593.972	1520.000
581330.507	943591.939	1520.000
581335.067	943589.888	1520.000
581339.624	943587.829	1520.000
581344.183	943585.777	1520.001
581348.789	943583.841	1520.000
581353.535	943582.278	1520.000
581358.343	943580.928	1519.966
581362.806	943578.729	1520.000
581366.772	943575.685	1520.000
581370.743	943572.646	1520.000
581375.033	943570.082	1520.000
581379.359	943567.575	1520.000
581383.880	943565.445	1520.014
581388.574	943563.730	1520.000
581393.343	943562.228	1520.000
581398.096	943560.678	1519.997
581402.812	943559.016	1520.000
581407.491	943557.253	1520.000
581412.326	943555.979	1520.000
581417.210	943554.918	1519.999
581421.982	943553.428	1520.000
581426.771	943551.995	1520.000
581431.689	943551.183	1520.047
581436.646	943550.741	1520.001
581441.641	943550.530	1520.000
581446.637	943550.326	1520.000
581451.597	943550.860	1519.997
581456.296	943549.710	1519.974
581458.793	943545.590	1519.998
581460.463	943540.878	1520.007
581462.125	943536.163	1520.000
581463.991	943531.528	1520.000
581466.219	943527.067	1519.965
581470.558	943524.742	1520.000
581475.262	943523.053	1520.000
581480.023	943521.526	1520.000
581484.876	943520.341	1520.000
581489.781	943519.372	1520.000
581494.700	943518.479	1520.000
581499.626	943517.625	1519.999
581504.555	943516.783	1520.000
581509.419	943515.676	1519.984
581513.834	943513.531	1520.084
581516.269	943509.176	1520.000
581518.330	943504.624	1520.000
581520.220	943499.996	1520.000
581521.979	943495.315	1520.000
581523.950	943490.732	1520.000
581526.491	943486.443	1519.965
581530.201	943483.104	1520.000
581534.152	943480.048	1520.000
581538.206	943477.131	1520.000
581541.898	943473.759	1520.000
581545.706	943470.522	1520.000
581549.707	943467.529	1520.000
581553.982	943464.953	1520.000
581558.470	943462.750	1520.000
581562.729	943460.158	1520.000
581566.537	943456.918	1520.000
581570.305	943453.631	1520.000
581574.309	943450.652	1520.004
581578.517	943447.953	1520.001
581582.827	943445.418	1519.999
581587.102	943442.826	1519.996
581591.976	943441.876	1519.957
581596.888	943442.751	1520.001
581601.785	943443.762	1520.002
581606.682	943444.772	1520.000
581611.526	943446.008	1520.000
581616.299	943447.493	1520.000
581621.006	943449.178	1520.000
581625.713	943450.864	1520.000
581630.396	943452.614	1520.000
581634.940	943454.697	1519.999
581639.467	943456.818	1520.000
581643.966	943458.997	1520.000
581648.478	943461.153	1520.000
581653.035	943463.209	1520.000
581657.637	943465.165	1520.000
581662.238	943467.120	1520.000
581666.785	943469.198	1520.000
581671.344	943471.220	1519.949
581675.769	943473.529	1520.035
581680.248	943475.733	1520.000
581684.677	943478.052	1520.000
581689.123	943480.339	1520.000
581693.610	943482.546	1520.000
581698.130	943484.683	1520.000
581702.638	943486.841	1520.017
581707.193	943488.888	1520.000
581711.590	943491.235	1519.938
581715.884	943493.785	1520.053
581720.252	943496.210	1520.000
581724.567	943498.736	1520.000
581728.876	943501.273	1520.000
581733.167	943503.838	1520.000
581737.442	943506.431	1520.000
581741.720	943509.019	1520.000
581746.001	943511.604	1520.000
581750.233	943514.264	1520.000
581754.403	943517.022	1520.000
581758.530	943519.845	1520.000
581762.657	943522.668	1520.000
581766.784	943525.491	1520.000
581770.911	943528.314	1520.000
581775.037	943531.137	1520.000
581779.164	943533.961	1520.000
581783.290	943536.785	1520.000
581787.416	943539.608	1520.000
581791.543	943542.432	1520.000
581795.670	943545.254	1520.000
581799.794	943548.081	1520.000
581803.907	943550.925	1520.000
581808.015	943553.775	1520.000
581812.134	943556.610	1520.000
581816.269	943559.414	1520.000
581820.382	943562.238	1519.993
581824.400	943565.201	1520.025
581828.597	943567.906	1519.966
581832.739	943570.688	1520.000
581837.020	943573.267	1520.043
581841.293	943575.859	1520.000
581845.547	943578.487	1520.000
581849.934	943580.873	1520.000
581854.526	943582.830	1520.000
581859.243	943584.489	1520.000
581863.940	943586.201	1520.033
581868.646	943587.881	1519.994
581873.267	943589.789	1520.000
581877.950	943591.540	1520.000
581882.581	943593.419	1520.000
581887.148	943595.455	1520.000
581891.520	943597.877	1520.000
581895.702	943600.613	1520.000
581899.832	943603.429	1520.000
581903.999	943606.191	1519.968
581908.044	943609.129	1520.005
581912.006	943612.179	1520.007
581915.795	943615.440	1519.999
581919.574	943618.715	1519.999
581923.354	943621.988	1520.000
581927.130	943625.265	1520.000
581930.951	943628.489	1520.014
581934.923	943631.526	1520.000
581938.967	943634.462	1520.000
581943.053	943637.343	1520.000
581947.139	943640.225	1520.000
581951.496	943642.673	1520.000
581956.089	943644.632	1520.000
581960.743	943646.458	1520.000
581965.408	943648.256	1520.000
581970.070	943650.064	1519.999
581974.756	943651.806	1520.000
581979.461	943653.499	1520.000
581984.164	943655.196	1520.000
581988.876	943656.869	1520.000
581993.614	943658.466	1520.000
581998.381	943659.973	1520.000
582003.163	943661.431	1520.000
582007.974	943662.789	1520.000
582012.704	943664.409	1520.000
582017.341	943666.280	1520.000
582021.971	943668.167	1520.000
582026.588	943670.086	1520.000
582031.189	943672.042	1520.006
582035.783	943674.015	1519.989
582040.357	943676.034	1520.000
582044.944	943678.023	1520.000
582049.604	943679.822	1520.000
582054.405	943681.198	1520.000
582059.286	943682.280	1519.998
582064.179	943683.302	1520.008
582069.079	943684.286	1520.000
582073.915	943685.549	1520.000
582078.692	943687.026	1520.000
582083.460	943688.530	1520.000
582088.261	943689.816	1520.003
582093.222	943689.563	1520.000
582097.972	943688.001	1520.000
582102.731	943686.476	1520.016
582107.617	943685.458	1520.000
582112.562	943684.723	1520.000
582117.392	943683.430	1520.000
582122.220	943682.131	1520.004
582126.994	943680.644	1520.000
582131.907	943679.742	1520.000
582136.897	943679.529	1520.000
582141.897	943679.459	1520.001
582146.897	943679.431	1520.000
582151.881	943679.802	1520.000
582156.813	943680.608	1520.000
582161.734	943681.495	1519.989
582166.629	943682.512	1520.000
582171.589	943683.113	1520.000
582176.584	943683.178	1520.000
582181.584	943683.143	1520.000
582186.522	943682.441	1520.000
582191.161	943680.626	1520.000
582195.425	943678.048	1520.000
582199.107	943674.698	1520.000
582202.621	943671.147	1520.000
582206.311	943667.773	1520.000
582210.769	943665.618	1520.000
582215.626	943664.584	1520.000
582220.590	943663.984	1520.000
582225.462	943662.936	1519.993
582230.268	943661.567	1520.000
582235.160	943660.557	1520.000
582240.018	943659.430	1519.999
582244.625	943657.501	1520.000
582249.274	943655.744	1519.999
582254.173	943654.750	1520.023
582258.803	943652.966	1520.000
582263.362	943650.926	1520.000