582617.416	943565.151	1420.000
582645.651	943575.123	1420.000
582673.889	943585.193	1420.000
582699.397	943600.633	1420.052
582721.909	943620.150	1419.997
582742.468	943641.864	1419.998
582769.026	943655.722	1420.001
582795.352	943669.330	1420.048
582815.465	943691.211	1420.000
582830.318	943708.764	1420.006
582803.944	943697.291	1420.000
582782.459	943676.526	1419.999
582753.138	943673.322	1420.009
582724.885	943683.210	1420.002
582698.938	943694.925	1420.000
582675.091	943680.569	1420.000
582652.359	943662.381	1420.000
582628.142	943676.481	1420.000
582610.804	943700.904	1420.000
582603.211	943729.312	1420.000
582597.603	943758.675	1419.996
582578.054	943781.245	1420.019
582548.812	943785.059	1420.000
582519.543	943789.644	1420.000
582491.589	943800.396	1420.000
582464.097	943812.386	1420.000
582435.854	943822.234	1420.000
582411.658	943839.850	1420.000
582401.515	943866.671	1420.000
582397.322	943896.376	1419.998
582380.281	943915.116	1420.000
582350.548	943919.101	1420.000
582321.224	943925.063	1420.000
582293.184	943935.722	1420.002
582273.509	943956.591	1420.007
582262.273	943984.367	1420.000
582240.841	944004.508	1420.013
582219.091	944024.670	1420.000
582207.597	944050.330	1420.000
582216.990	944078.524	1420.000
582235.203	944102.168	1420.000
582254.002	944125.321	1420.000
582269.878	944150.769	1420.000
582276.695	944179.241	1420.000
582256.376	944198.943	1420.000
582226.987	944204.861	1419.999
582197.816	944211.182	1420.000
582169.304	944204.888	1420.000
582141.439	944193.811	1420.000
582120.091	944173.651	1420.000
582105.915	944147.270	1419.998
582090.318	944121.666	1420.000
582078.615	944094.143	1420.002
582067.093	944068.005	1420.000
582040.339	944054.967	1420.000
582010.787	944051.218	1420.001
581980.927	944051.850	1420.000
581951.752	944047.920	1420.001
581927.800	944029.857	1420.000
581907.791	944008.711	1420.000
581904.884	943978.871	1420.000
581893.440	943957.076	1420.000
581863.663	943953.986	1420.000
581838.500	943939.711	1420.016
581832.265	943912.516	1420.000
581838.269	943885.903	1420.044
581808.323	943886.634	1420.000
581780.194	943896.731	1420.000
581757.462	943915.929	1420.001
581743.241	943942.142	1420.000
581729.661	943968.866	1419.992
581703.160	943976.773	1420.000
581673.954	943970.093	1420.000
581645.245	943961.462	1420.000
581618.714	943947.723	1420.000
581594.720	943929.754	1420.000
581569.328	943922.521	1420.000
581539.854	943927.943	1420.000
581510.149	943930.885	1420.017
581516.896	943958.338	1420.000
581527.545	943986.320	1420.000
581540.176	944013.471	1420.001
581553.565	944040.000	1420.000
581559.229	944069.398	1420.000
581553.763	944098.788	1420.000
581535.120	944116.040	1420.000
581505.776	944121.720	1420.001
581479.481	944136.067	1420.000
581450.647	944137.067	1420.000
581421.194	944131.838	1420.000
581391.320	944130.589	1419.998
581362.034	944135.869	1419.999
581333.175	944134.363	1420.046
581337.130	944163.798	1420.001
581322.827	944183.909	1419.996
581293.679	944190.982	1420.001
581299.066	944217.813	1419.993
581289.582	944242.619	1420.000
581278.667	944264.068	1419.994
581299.816	944285.031	1420.000
581301.949	944309.475	1420.000
581284.282	944333.640	1420.000
581264.632	944356.225	1420.000
581242.756	944376.735	1420.000
581226.244	944401.033	1419.992
581208.171	944423.368	1419.999
581194.914	944449.996	1419.999
581219.970	944450.980	1420.000
581249.831	944453.839	1420.000
581278.680	944461.690	1419.998
581297.684	944480.789	1420.004
581293.736	944510.463	1420.001
581271.513	944529.885	1420.001
581242.916	944536.758	1420.000
581213.013	944534.414	1420.000
581183.150	944531.560	1420.000
581153.405	944527.802	1419.992
581147.954	944549.087	1419.999
581158.617	944577.066	1420.000
581170.095	944604.780	1420.002
581153.627	944621.320	1420.000
581124.681	944627.361	1420.000
581103.745	944647.939	1420.000
581098.622	944676.713	1419.998
581077.373	944696.463	1419.996
581050.182	944687.800	1420.000
581037.637	944660.777	1420.002
581017.817	944641.826	1420.026
580993.500	944624.392	1419.993
580987.389	944639.947	1420.000
580991.472	944669.571	1419.994
580982.568	944697.020	1420.000
580957.276	944709.406	1420.001
580927.706	944704.759	1420.000
580898.350	944704.155	1420.000
580876.581	944713.119	1420.001
580889.572	944740.160	1420.000
580893.274	944769.086	1419.996
580890.062	944798.899	1420.000
580890.203	944828.612	1420.002
580897.464	944857.666	1420.000
580906.529	944886.259	1419.995
580909.153	944915.948	1420.000
580909.176	944945.934	1420.000
580910.281	944975.909	1420.000
580913.656	945005.703	1420.000
580917.921	945035.397	1420.000
580921.121	945065.225	1420.000
580926.731	945094.648	1420.000
580935.294	945123.400	1420.000
580944.133	945152.068	1420.000
580956.945	945178.836	1420.000
580975.604	945202.232	1420.000
580990.187	945228.439	1419.998
581004.378	945254.842	1420.000
581021.938	945279.163	1420.000
581041.713	945301.497	1419.986
581065.064	945320.217	1420.001
581085.642	945341.862	1420.000
581104.266	945365.374	1420.000
581123.203	945388.636	1420.000
581141.666	945412.279	1420.000
581159.400	945436.437	1419.999
581173.089	945463.046	1420.000
581182.138	945491.618	1420.000
581188.516	945520.930	1420.000
581180.818	945536.206	1420.000
581154.628	945521.576	1420.000
581129.076	945506.190	1420.011
581103.177	945491.281	1420.000
581077.468	945475.819	1420.000
581051.782	945460.321	1420.000
581026.859	945443.690	1420.016
581003.623	945424.760	1419.991
580981.012	945405.090	1420.000
580958.980	945384.734	1420.000
580937.458	945363.841	1420.000
580916.912	945341.984	1420.000
580896.497	945320.001	1420.000
580874.837	945299.262	1420.000
580850.062	945282.428	1420.000
580824.397	945266.898	1420.004
580798.747	945251.348	1420.000
580773.791	945234.705	1419.997
580749.418	945217.228	1420.000
580725.277	945199.417	1420.000
580701.139	945181.602	1420.000
580676.999	945163.790	1420.000
580649.560	945152.181	1420.000
580620.658	945144.140	1420.000
580591.754	945136.105	1420.000
580562.443	945130.038	1420.000
580532.654	945126.487	1420.000
580502.901	945129.571	1420.000
580473.714	945136.486	1419.995
580444.800	945144.486	1420.000
580415.286	945148.532	1420.001
580386.864	945139.437	1420.000
580359.061	945128.242	1420.000
580332.114	945115.057	1420.000
580304.529	945103.789	1420.016
580274.830	945105.705	1420.000
580244.986	945103.974	1420.000
580215.170	945100.651	1420.000
580186.563	945091.922	1420.000
580158.987	945080.107	1420.000
580130.827	945070.084	1419.998
580101.278	945064.964	1420.000
580071.573	945060.773	1420.000
580042.073	945055.354	1420.000
580012.271	945053.542	1419.990
579982.733	945058.576	1420.001
579954.027	945067.278	1420.000
579925.277	945072.476	1420.000
579896.265	945064.851	1420.000
579867.301	945059.707	1420.000
579840.477	945072.607	1420.000
579814.182	945086.882	1420.000
579788.000	945101.440	1420.000
579762.105	945116.449	1420.001
579736.361	945131.694	1420.000
579714.325	945151.344	1419.995
579694.213	945173.562	1420.019
579673.568	945195.303	1420.002
579647.074	945208.755	1420.000
579617.753	945215.095	1420.000
579588.483	945221.667	1420.000
579560.620	945217.224	1419.999
579532.880	945205.897	1420.000
579506.410	945191.826	1420.000
579478.322	945181.359	1420.011
579449.593	945172.761	1420.000
579420.980	945164.950	1420.000
579391.172	945162.362	1420.000
579365.355	945148.356	1420.000
579344.300	945127.020	1420.004
579328.074	945102.412	1420.000
579322.773	945073.008	1420.000
579347.214	945061.453	1419.998
579377.089	945062.868	1420.000
579407.045	945062.782	1420.001
579418.484	945057.257	1420.000
579393.812	945040.274	1420.000
579372.386	945019.550	1420.000
579357.701	944993.532	1420.000
579339.651	944969.854	1420.000
579316.682	944950.563	1420.000
579295.199	944929.672	1420.000
579278.172	944904.986	1420.000
579261.143	944881.387	1419.971
579232.805	944890.806	1419.999
579205.008	944902.033	1420.000
579177.815	944914.702	1420.000
579148.428	944920.521	1420.000
579118.974	944926.194	1420.000
579089.640	944932.481	1420.000
579060.339	944938.915	1420.000
579032.076	944948.460	1420.000
579004.742	944960.823	1420.000
578977.600	944973.522	1420.000
578948.532	944970.670	1420.005
578919.483	944963.500	1419.997
578891.067	944953.931	1420.000
578862.856	944943.801	1420.000
578839.157	944926.267	1420.000
578843.745	944908.425	1420.000
578872.690	944901.889	1420.000
578902.511	944899.230	1420.000
578930.653	944889.294	1419.973
578956.955	944874.953	1420.000
578983.918	944861.909	1420.000
579011.563	944850.282	1420.008
579036.798	944834.191	1420.000
579064.435	944822.573	1420.001
579091.320	944809.834	1420.000
579119.485	944799.528	1420.019
579147.457	944788.698	1420.000
579174.807	944776.408	1419.995
579200.406	944762.761	1420.000
579226.316	944748.637	1420.000
579255.435	944751.836	1420.000
579283.207	944763.068	1420.000
579310.894	944774.613	1420.002
579339.425	944783.732	1420.000
579368.585	944790.752	1419.996
579393.672	944806.714	1420.000
579420.642	944819.716	1420.000
579449.445	944827.231	1420.000
579479.002	944832.351	1420.000
579508.443	944838.112	1420.000
579538.106	944842.519	1420.000
579567.500	944848.270	1420.000
579596.367	944856.433	1420.000
579625.214	944864.669	1420.000
579654.032	944873.003	1420.000
579682.328	944882.928	1420.000
579712.178	944883.883	1419.999
579742.094	944881.643	1420.000
579772.030	944879.763	1420.000
579801.740	944883.574	1420.000
579830.640	944891.497	1420.000
579859.273	944900.448	1420.000
579887.896	944909.434	1420.000
579916.161	944919.427	1420.000
579944.788	944922.033	1420.001
579973.446	944916.170	1420.001
580002.812	944910.080	1420.000
580032.381	944905.016	1420.000
580061.960	944900.009	1420.000
580090.762	944891.986	1420.005
580118.755	944881.596	1419.972
580147.923	944875.013	1420.000
580177.669	944871.132	1420.000
580207.426	944867.323	1420.000
580237.189	944863.560	1420.000
580267.007	944860.321	1420.000
580295.881	944852.512	1420.000
580325.272	944846.497	1420.001
580354.636	944840.356	1420.000
580384.017	944834.291	1420.000
580413.371	944828.114	1420.002
580441.633	944818.217	1420.010
580469.901	944808.231	1419.999
580498.704	944799.847	1420.000
580527.483	944791.375	1420.000
580556.484	944783.763	1420.000
580585.926	944778.061	1419.998
580614.271	944768.462	1420.004
580641.684	944756.274	1420.000
580669.086	944744.064	1420.000
580696.682	944732.366	1420.000
580724.000	944720.308	1419.999
580749.949	944705.477	1419.999
580774.097	944687.923	1420.002
580752.804	944667.646	1420.000
580731.797	944646.249	1420.000
580712.929	944623.047	1419.982
580702.669	944602.679	1420.000
580722.381	944580.312	1420.000
580739.238	944555.516	1419.998
580754.946	944529.977	1420.000
580765.489	944501.989	1420.001
580770.433	944472.469	1420.000
580779.733	944444.043	1420.000
580787.051	944414.971	1420.000
580795.533	944386.207	1420.000
580806.991	944358.529	1419.999
580820.265	944331.699	1420.000
580831.121	944303.867	1419.999
580841.538	944275.740	1420.001
580850.757	944247.209	1419.999
580863.245	944219.963	1420.000
580874.655	944192.227	1420.000
580885.557	944164.285	1419.997
580897.292	944136.682	1420.000
580909.807	944109.426	1420.001
580921.788	944081.928	1420.016
580928.979	944052.807	1420.000
580935.427	944023.522	1420.000
580942.680	943994.471	1420.001
580942.808	943964.682	1420.001
580943.806	943934.751	1420.000
580957.664	943908.608	1420.000
580975.169	943884.568	1420.000
580992.288	943860.033	1420.000
580990.249	943839.371	1420.000
580962.698	943827.728	1420.000
580941.267	943807.105	1420.000
580918.152	943794.775	1420.000
580889.059	943801.895	1420.000
580859.911	943804.662	1420.000
580832.158	943806.541	1420.000
580816.207	943782.315	1420.000
580797.996	943759.725	1420.001
580778.375	943737.382	1420.000
580769.628	943711.563	1419.996
580794.919	943695.495	1420.002
580821.984	943682.569	1420.000
580848.365	943668.289	1420.008
580873.450	943651.944	1420.000
580901.187	943646.911	1420.000
580928.581	943658.926	1420.000
580954.044	943674.554	1419.992
580980.477	943688.341	1420.000
580992.817	943673.588	1420.010
580996.812	943643.872	1420.000
581018.488	943629.887	1420.000
581048.176	943629.651	1420.002
581076.939	943635.335	1419.999
581098.986	943615.257	1420.000
581119.385	943593.271	1420.000
581142.311	943573.946	1420.000
581164.802	943554.095	1420.000
581188.615	943535.897	1420.000
581214.812	943521.792	1420.000
581244.045	943515.054	1420.000
581272.846	943506.791	1420.000
581298.278	943491.034	1420.000
581321.780	943472.395	1420.000
581344.820	943453.189	1420.000
581363.457	943430.395	1420.000
581382.097	943409.012	1420.000
581408.257	943394.884	1420.000
581435.744	943384.930	1420.000
581464.618	943377.217	1420.000
581487.609	943360.623	1420.000
581508.026	943341.509	1420.000
581536.267	943331.661	1420.000
581564.908	943324.646	1419.989
581594.741	943327.088	1420.000
581622.821	943335.063	1420.000
581646.984	943352.791	1420.000
581670.448	943371.483	1420.000
581693.866	943390.234	1420.000
581717.468	943408.752	1420.000
581741.075	943427.264	1420.000
581763.291	943447.393	1420.000
581786.316	943466.611	1419.998
581809.694	943485.412	1420.000
581833.218	943504.025	1420.000
581858.476	943520.113	1420.000
581886.067	943531.772	1420.000
581914.278	943541.934	1420.000
581940.965	943555.581	1420.000
581967.813	943568.891	1419.990
581995.658	943580.042	1420.000
582024.247	943588.929	1420.000
582053.952	943592.796	1420.002
582083.745	943596.318	1420.000
582113.628	943598.348	1420.000
582142.047	943589.120	1420.000
582170.990	943581.710	1420.000
582198.913	943571.009	1420.000
582224.627	943556.009	1420.000
582249.794	943539.779	1420.000
582276.321	943528.513	1420.000
582306.280	943529.382	1420.000
582336.083	943532.607	1420.000
582363.939	943527.839	1420.000
582392.054	943523.408	1420.000
582421.719	943527.752	1420.000
582451.534	943525.781	1420.000
582481.141	943521.952	1419.986
582506.498	943536.188	1420.000
582535.653	943537.811	1420.000
582565.326	943541.586	1420.000