582595.340	943553.841	1420.032
582599.621	943556.398	1420.000
582603.808	943559.117	1420.000
582608.043	943561.764	1420.000
582612.591	943563.840	1420.000
582617.416	943565.151	1420.000
582622.241	943566.462	1420.000
582627.053	943567.800	1420.000
582631.689	943569.651	1420.013
582636.383	943571.370	1420.000
582641.038	943573.195	1420.000
582645.651	943575.123	1420.000
582650.324	943576.896	1420.000
582655.085	943578.417	1420.000
582659.842	943579.948	1419.997
582664.574	943581.558	1420.000
582669.249	943583.332	1420.000
582673.889	943585.193	1420.000
582678.504	943587.117	1420.000
582682.936	943589.422	1420.000
582687.323	943591.821	1420.000
582691.412	943594.665	1419.998
582695.454	943597.574	1420.000
582699.397	943600.633	1420.052
582703.561	943603.363	1419.943
582707.563	943606.331	1420.000
582711.316	943609.612	1420.017
582715.098	943612.865	1420.001
582718.543	943616.471	1420.000
582721.909	943620.150	1419.997
582725.264	943623.845	1420.013
582728.821	943627.348	1420.000
582732.104	943631.101	1419.987
582735.387	943634.868	1420.000
582738.667	943638.638	1419.950
582742.468	943641.864	1419.998
582746.723	943644.489	1420.000
582751.029	943647.030	1420.000
582755.437	943649.389	1420.000
582759.888	943651.666	1420.000
582764.441	943653.729	1420.000
582769.026	943655.722	1420.001
582773.575	943657.797	1419.997
582778.114	943659.893	1420.000
582782.713	943661.853	1420.000
582787.295	943663.812	1420.014
582791.833	943665.901	1419.995
582795.352	943669.330	1420.048
582799.008	943672.701	1419.994
582802.023	943676.679	1419.976
582805.091	943680.626	1420.000
582808.209	943684.402	1419.998
582811.878	943687.770	1420.043
582815.465	943691.211	1420.000
582818.851	943694.868	1419.998
582822.405	943698.273	1420.015
582826.288	943701.413	1420.000
582828.815	943705.544	1420.059
582833.130	943707.089	1420.014
582830.318	943708.764	1420.006
582825.390	943708.001	1420.000
582820.557	943706.954	1419.999
582815.657	943705.955	1420.000
582811.049	943704.281	1419.973
582807.693	943700.591	1419.999
582803.944	943697.291	1420.000
582800.052	943694.153	1420.000
582796.216	943690.955	1420.002
582792.575	943687.528	1420.000
582789.121	943683.933	1419.984
582785.686	943680.335	1420.000
582782.459	943676.526	1419.999
582777.942	943674.414	1419.994
582773.085	943673.241	1420.000
582768.119	943672.702	1420.000
582763.125	943672.835	1420.000
582758.130	943673.052	1420.000
582753.138	943673.322	1420.009
582748.289	943674.513	1420.000
582743.576	943676.173	1420.000
582738.883	943677.897	1419.999
582734.125	943679.434	1420.000
582729.428	943681.139	1420.000
582724.885	943683.210	1420.002
582721.079	943686.395	1420.000
582717.392	943689.765	1420.000
582713.550	943692.959	1419.995
582708.885	943694.638	1420.000
582703.938	943694.982	1420.000
582698.938	943694.925	1420.000
582693.939	943694.981	1420.000
582689.052	943694.122	1420.000
582684.649	943691.895	1420.000
582680.825	943688.674	1420.000
582677.745	943684.806	1420.000
582675.091	943680.569	1420.000
582672.440	943676.340	1420.000
582669.625	943672.222	1420.002
582665.596	943669.288	1420.000
582661.386	943666.668	1420.000
582656.879	943664.504	1420.000
582652.359	943662.381	1420.000
582647.415	943661.663	1420.000
582642.500	943662.566	1420.000
582638.932	943666.067	1420.000
582635.310	943669.514	1420.000
582631.708	943672.977	1420.000
582628.142	943676.481	1420.000
582625.056	943680.404	1420.000
582622.024	943684.378	1420.000
582618.959	943688.325	1420.000
582616.175	943692.479	1420.000
582613.625	943696.779	1420.006
582610.804	943700.904	1420.000
582607.881	943704.960	1420.000
582606.052	943709.516	1420.000
582605.256	943714.452	1420.000
582604.571	943719.405	1420.000
582603.889	943724.358	1420.000
582603.211	943729.312	1420.000
582602.527	943734.265	1420.000
582601.837	943739.217	1420.000
582601.130	943744.167	1420.000
582600.306	943749.096	1420.000
582599.197	943753.970	1420.000
582597.603	943758.675	1419.996
582594.553	943762.637	1420.000
582591.511	943766.605	1420.000
582588.429	943770.539	1420.004
582585.182	943774.340	1420.000
582581.943	943778.143	1420.028
582578.054	943781.245	1420.019
582573.563	943783.432	1420.000
582568.764	943784.761	1420.000
582563.796	943784.970	1420.000
582558.797	943784.871	1420.000
582553.798	943784.773	1420.000
582548.812	943785.059	1420.000
582543.826	943785.397	1420.009
582538.830	943785.430	1420.000
582533.830	943785.348	1420.000
582528.970	943786.330	1420.000
582524.246	943787.949	1420.000
582519.543	943789.644	1420.000
582514.839	943791.340	1420.000
582510.078	943792.852	1420.000
582505.375	943794.495	1420.000
582500.823	943796.565	1420.000
582496.233	943798.544	1420.000
582491.589	943800.396	1420.000
582487.013	943802.408	1420.000
582482.470	943804.496	1420.000
582477.853	943806.415	1420.000
582473.258	943808.385	1420.000
582468.719	943810.482	1420.000
582464.097	943812.386	1420.000
582459.564	943814.494	1420.000
582454.985	943816.498	1420.000
582450.268	943818.147	1420.000
582445.463	943819.524	1420.000
582440.616	943820.751	1420.000
582435.854	943822.234	1420.000
582431.626	943824.850	1420.002
582427.632	943827.847	1419.998
582423.504	943830.668	1420.000
582419.419	943833.551	1420.000
582415.463	943836.607	1420.002
582411.658	943839.850	1420.000
582407.832	943843.070	1420.000
582404.795	943846.981	1419.995
582403.593	943851.818	1420.000
582402.873	943856.764	1420.000
582402.208	943861.719	1420.000
582401.515	943866.671	1420.000
582400.810	943871.621	1420.000
582400.096	943876.570	1420.000
582399.407	943881.522	1419.999
582398.745	943886.478	1420.000
582398.057	943891.430	1420.000
582397.322	943896.376	1419.998
582396.179	943901.240	1420.000
582394.946	943906.086	1420.000
582393.631	943910.910	1420.000
582390.163	943913.596	1420.000
582385.233	943914.421	1420.000
582380.281	943915.116	1420.000
582375.327	943915.792	1419.999
582370.369	943916.433	1420.000
582365.413	943917.097	1420.000
582360.460	943917.780	1420.000
582355.502	943918.425	1420.000
582350.548	943919.101	1420.000
582345.623	943919.956	1420.000
582340.706	943920.858	1419.992
582335.750	943921.516	1420.000
582330.812	943922.273	1420.000
582325.962	943923.469	1419.995
582321.224	943925.063	1420.000
582316.530	943926.784	1420.000
582311.856	943928.560	1420.005
582307.174	943930.313	1420.000
582302.512	943932.121	1420.000
582297.862	943933.958	1420.000
582293.184	943935.722	1420.002
582288.616	943937.751	1420.000
582284.213	943940.113	1420.000
582280.552	943943.356	1420.000
582278.028	943947.671	1420.000
582275.725	943952.110	1420.000
582273.509	943956.591	1420.007
582271.333	943961.091	1420.000
582269.242	943965.633	1420.000
582267.314	943970.243	1420.000
582265.687	943974.971	1420.000
582264.030	943979.689	1420.000
582262.273	943984.367	1420.000
582259.971	943988.771	1420.000
582256.920	943992.726	1420.000
582253.256	943996.128	1420.000
582249.277	943999.145	1419.995
582245.081	944001.860	1420.000
582240.841	944004.508	1420.013
582236.614	944007.173	1419.994
582232.514	944010.029	1420.000
582228.530	944013.012	1420.000
582225.382	944016.896	1420.000
582222.235	944020.782	1420.000
582219.091	944024.670	1420.000
582215.948	944028.558	1420.000
582212.804	944032.446	1420.000
582209.657	944036.332	1420.000
582207.069	944040.579	1420.009
582206.780	944045.398	1420.000
582207.597	944050.330	1420.000
582208.641	944055.217	1420.000
582209.839	944060.072	1420.000
582211.031	944064.927	1420.000
582212.335	944069.753	1420.000
582214.297	944074.312	1419.985
582216.990	944078.524	1420.000
582219.620	944082.775	1420.000
582222.251	944087.027	1420.000
582225.023	944091.187	1420.000
582228.233	944095.003	1420.000
582231.640	944098.662	1420.000
582235.203	944102.168	1420.000
582238.818	944105.623	1420.000
582242.379	944109.132	1420.000
582245.831	944112.741	1420.000
582248.556	944116.934	1420.000
582251.280	944121.126	1420.000
582254.002	944125.321	1420.000
582256.715	944129.520	1420.000
582259.409	944133.733	1420.000
582262.064	944137.970	1420.002
582264.720	944142.205	1420.000
582267.374	944146.443	1420.000
582269.878	944150.769	1420.000
582271.724	944155.381	1420.000
582273.290	944160.126	1420.000
582275.042	944164.809	1420.000
582276.663	944169.536	1420.002
582277.546	944174.388	1420.000
582276.695	944179.241	1420.000
582274.784	944183.861	1420.000
582272.760	944188.426	1419.998
582269.826	944192.466	1420.000
582265.463	944194.903	1420.000
582261.069	944197.286	1419.999
582256.376	944198.943	1420.000
582251.481	944199.955	1420.000
582246.632	944201.177	1419.999
582241.768	944202.334	1419.999
582236.855	944203.262	1420.000
582231.937	944204.159	1419.999
582226.987	944204.861	1419.999
582222.085	944205.843	1420.000
582217.223	944207.009	1420.000
582212.352	944208.132	1419.993
582207.368	944208.224	1420.000
582202.592	944209.703	1420.000
582197.816	944211.182	1420.000
582193.017	944212.577	1419.999
582188.244	944211.302	1420.013
582183.484	944209.776	1420.000
582178.740	944208.197	1420.000
582174.021	944206.546	1420.000
582169.304	944204.888	1420.000
582164.592	944203.221	1419.997
582159.936	944201.412	1420.001
582155.299	944199.547	1420.000
582150.679	944197.635	1420.000
582146.059	944195.723	1420.000
582141.439	944193.811	1420.000
582136.900	944191.731	1420.000
582132.538	944189.288	1420.000
582129.314	944185.478	1419.997
582126.256	944181.525	1420.004
582123.189	944177.576	1420.000
582120.091	944173.651	1420.000
582117.551	944169.361	1420.000
582115.322	944164.887	1420.000
582113.172	944160.372	1420.000
582110.956	944155.891	1420.000
582108.640	944151.461	1420.011
582105.915	944147.270	1419.998
582103.157	944143.102	1419.991
582100.523	944138.854	1420.006
582097.806	944134.658	1420.000
582095.223	944130.379	1419.999
582092.714	944126.054	1420.000
582090.318	944121.666	1420.000
582087.929	944117.274	1420.000
582085.540	944112.881	1420.000
582083.810	944108.195	1420.000
582082.287	944103.436	1420.000
582080.449	944098.792	1419.993
582078.615	944094.143	1420.002
582077.065	944089.397	1419.999
582075.825	944084.554	1419.999
582074.677	944079.687	1420.001
582073.584	944074.809	1419.999
582071.353	944070.544	1419.977
582067.093	944068.005	1420.000
582062.888	944065.330	1420.003
582058.620	944062.729	1420.000
582054.379	944060.088	1420.000
582049.850	944058.056	1420.000
582045.093	944056.518	1420.000
582040.339	944054.967	1420.000
582035.606	944053.360	1420.006
582030.759	944052.286	1420.000
582025.766	944052.005	1420.000
582020.774	944051.740	1420.000
582015.780	944051.480	1420.000
582010.787	944051.218	1420.001
582005.795	944050.938	1420.000
582000.803	944050.664	1420.000
581995.810	944050.398	1420.001
581990.825	944050.432	1420.004
581985.872	944051.108	1420.000
581980.927	944051.850	1420.000
581975.983	944052.596	1420.000
581971.061	944052.829	1420.000
581966.189	944051.710	1420.000
581961.323	944050.560	1420.000
581956.456	944049.413	1420.000
581951.752	944047.920	1420.001
581947.744	944044.931	1420.000
581943.750	944041.923	1420.000
581939.761	944038.908	1420.000
581935.769	944035.897	1419.998
581931.769	944032.897	1420.000
581927.800	944029.857	1420.000
581923.842	944026.802	1419.997
581919.906	944023.718	1420.000
581915.964	944020.643	1420.000
581912.141	944017.452	1420.000
581909.180	944013.422	1420.000
581907.791	944008.711	1420.000
581907.283	944003.742	1420.000
581906.910	943998.756	1420.001
581906.508	943993.773	1420.004
581905.856	943988.817	1420.000
581905.276	943983.853	1420.006
581904.884	943978.871	1420.000
581904.596	943973.879	1420.000
581904.243	943968.892	1420.000
581903.797	943963.912	1420.000
581902.664	943959.066	1419.997
581898.424	943957.468	1420.000
581893.440	943957.076	1420.000
581888.453	943956.707	1420.000
581883.465	943956.370	1420.000
581878.476	943956.039	1420.000
581873.483	943955.767	1419.998
581868.529	943955.116	1420.000
581863.663	943953.986	1420.000
581858.817	943952.753	1420.000
581853.981	943951.483	1420.000
581849.388	943949.591	1420.031
581845.284	943946.737	1420.012
581842.168	943942.961	1420.000
581838.500	943939.711	1420.016
581835.060	943936.238	1420.004
581832.301	943932.187	1420.008
581830.758	943927.441	1420.000
581831.251	943922.465	1420.000
581831.758	943917.491	1420.000
581832.265	943912.516	1420.000
581832.678	943907.535	1420.000
581834.741	943902.983	1420.000
581836.814	943898.434	1420.001
581838.932	943893.911	1419.995
581840.330	943889.164	1420.055
581838.269	943885.903	1420.044
581833.292	943885.778	1420.001
581828.292	943885.738	1420.000
581823.293	943885.812	1419.996
581818.296	943885.981	1420.000
581813.300	943886.174	1420.000
581808.323	943886.634	1420.000
581803.531	943888.000	1420.000
581798.758	943889.487	1420.000
581793.984	943890.975	1420.000
581789.438	943893.003	1420.002
581784.907	943895.063	1420.000
581780.194	943896.731	1420.000
581775.801	943899.008	1420.000
581771.830	943902.043	1420.000
581768.018	943905.280	1420.000
581764.501	943908.829	1420.000
581761.041	943912.438	1420.000
581757.462	943915.929	1420.001
581754.601	943920.014	1420.000
581751.912	943924.228	1420.000
581749.056	943928.332	1420.035
581747.085	943932.910	1420.000
581745.163	943937.526	1420.000
581743.241	943942.142	1420.000
581741.110	943946.664	1420.000
581738.886	943951.142	1420.000
581736.611	943955.595	1420.001
581734.363	943960.061	1420.000
581732.128	943964.534	1420.000
581729.661	943968.866	1419.992
581726.060	943972.260	1420.000
581722.117	943975.330	1420.000
581718.049	943978.194	1419.948
581713.063	943978.105	1420.000
581708.090	943977.598	1420.000
581703.160	943976.773	1420.000
581698.235	943975.909	1420.000
581693.297	943975.127	1420.000
581688.398	943974.131	1420.000
581683.568	943972.844	1420.000
581678.759	943971.473	1420.000
581673.954	943970.093	1420.000
581669.146	943968.721	1420.006
581664.328	943967.385	1420.000
581659.510	943966.050	1420.000
581654.691	943964.719	1420.000
581649.921	943963.225	1420.000
581645.245	943961.462	1420.000
581640.618	943959.567	1419.999
581635.992	943957.669	1420.000
581631.411	943955.678	1420.000
581627.022	943953.288	1420.000
581622.864	943950.512	1420.000
581618.714	943947.723	1420.000
581614.591	943944.894	1420.000
581610.491	943942.032	1420.000
581606.422	943939.126	1420.000
581602.405	943936.150	1420.001
581598.512	943933.014	1420.004
581594.720	943929.754	1420.000
581590.979	943926.438	1420.007
581587.397	943922.954	1419.998
581583.494	943919.834	1420.002
581578.985	943919.929	1419.998
581574.144	943921.175	1420.000
581569.328	943922.521	1420.000
581564.509	943923.851	1419.994
581559.607	943924.824	1420.000
581554.680	943925.675	1420.000
581549.748	943926.492	1420.000
581544.803	943927.234	1420.000
581539.854	943927.943	1420.000
581534.905	943928.659	1420.000
581529.957	943929.375	1419.999
581524.980	943929.774	1420.000
581519.982	943929.919	1420.000
581514.985	943930.068	1420.000
581510.149	943930.885	1420.017
581508.825	943934.856	1420.014
581509.781	943939.705	1419.999
581511.134	943944.519	1420.001
581512.728	943949.249	1419.999
581514.789	943953.804	1420.000
581516.896	943958.338	1420.000
581519.016	943962.866	1420.000
581521.170	943967.378	1420.000
581523.019	943972.024	1420.000
581524.552	943976.782	1420.000
581526.049	943981.552	1420.000
581527.545	943986.320	1420.000
581529.160	943991.051	1420.007
581531.204	943995.610	1419.995
581533.382	944000.109	1420.000
581535.488	944004.644	1420.002
581537.724	944009.115	1420.000
581540.176	944013.471	1420.001
581542.876	944017.679	1419.998
581545.496	944021.937	1419.998
581548.110	944026.182	1420.005
581550.435	944030.592	1419.972
581552.338	944035.153	1420.000
581553.565	944040.000	1420.000
581554.785	944044.849	1420.000
581555.987	944049.702	1420.001
581557.139	944054.566	1420.001
581558.082	944059.469	1419.997
581558.733	944064.424	1420.000
581559.229	944069.398	1420.000
581558.995	944074.343	1420.000
581557.908	944079.223	1420.000
581556.906	944084.122	1420.000
581555.900	944089.020	1419.999
581554.843	944093.906	1420.000
581553.763	944098.788	1420.000
581552.726	944103.679	1420.000
581551.503	944108.520	1420.028
581549.555	944113.044	1419.990
581545.033	944114.726	1420.000
581540.077	944115.386	1420.000
581535.120	944116.040	1420.000
581530.163	944116.698	1420.000
581525.208	944117.364	1420.000
581520.255	944118.052	1420.000
581515.317	944118.830	1420.000
581510.481	944120.028	1420.000
581505.776	944121.720	1420.001
581501.188	944123.689	1420.000
581496.753	944125.999	1420.000
581492.326	944128.323	1420.000
581488.017	944130.859	1420.000
581483.734	944133.438	1420.000
581479.481	944136.067	1420.000
581475.125	944138.516	1420.000
581470.469	944139.639	1420.000
581465.505	944139.048	1420.000
581460.542	944138.440	1420.000
581455.576	944137.852	1420.000
581450.647	944137.067	1420.000
581445.782	944135.912	1420.000
581440.919	944134.750	1420.000
581436.058	944133.581	1420.001
581431.162	944132.634	1420.000
581426.177	944132.242	1420.000
581421.194	944131.838	1420.000
581416.210	944131.439	1420.001
581411.223	944131.249	1419.977
581406.234	944131.077	1420.000
581401.244	944130.756	1420.000
581396.254	944130.439	1420.000
581391.320	944130.589	1419.998
581386.525	944132.006	1420.000
581381.779	944133.571	1420.004
581377.006	944135.019	1420.000
581372.021	944135.348	1420.000
581367.028	944135.610	1420.000
581362.034	944135.869	1419.999
581357.038	944135.937	1419.993
581352.079	944135.343	1419.998
581347.166	944134.421	1420.002
581342.203	944133.823	1420.000
581337.241	944133.470	1419.958
581333.175	944134.363	1420.046
581332.999	944139.227	1420.008
581334.183	944144.080	1419.999
581335.384	944148.933	1420.001
581336.333	944153.830	1420.000
581336.718	944158.815	1420.000
581337.130	944163.798	1420.001
581337.739	944168.758	1420.000
581338.264	944173.685	1419.989
581336.572	944177.947	1420.000
581331.916	944179.761	1420.000
581327.438	944181.986	1420.000
581322.827	944183.909	1419.996
581317.996	944185.195	1420.000
581313.158	944186.460	1420.000
581308.264	944187.479	1420.000
581303.401	944188.640	1420.000
581298.544	944189.826	1420.000
581293.679	944190.982	1420.001
581291.237	944194.165	1419.995
581292.378	944199.024	1420.000
581293.751	944203.831	1420.000
581295.169	944208.625	1420.003
581297.059	944213.242	1420.019
581299.066	944217.813	1419.993
581300.414	944222.598	1420.000
581300.984	944227.564	1420.000
581300.618	944232.538	1420.000
581297.154	944236.144	1419.999
581293.570	944239.630	1420.000
581289.582	944242.619	1420.000
581285.487	944245.487	1420.003
581281.577	944248.603	1420.000
581277.740	944251.809	1420.000
581274.807	944255.784	1419.993
581276.131	944259.844	1419.990
581278.667	944264.068	1419.994
581282.146	944267.658	1420.000
581285.698	944271.177	1420.000
581288.898	944275.002	1420.000
581291.887	944279.010	1420.000
581295.740	944282.134	1420.000
581299.816	944285.031	1420.000
581303.835	944287.995	1420.000
581307.530	944291.363	1420.001
581307.596	944295.584	1420.000
581305.797	944300.249	1420.000
581303.958	944304.899	1420.000
581301.949	944309.475	1420.000
581299.506	944313.810	1420.000
581296.469	944317.782	1420.000
581293.431	944321.754	1420.000
581290.393	944325.725	1420.000
581287.344	944329.688	1420.000
581284.282	944333.640	1420.000
581281.224	944337.596	1420.000
581278.132	944341.525	1420.000
581275.018	944345.438	1420.000
581271.816	944349.269	1420.000
581268.225	944352.748	1420.000
581264.632	944356.225	1420.000
581261.040	944359.703	1420.000
581257.447	944363.181	1420.000
581253.854	944366.658	1420.000
581250.312	944370.186	1419.998
581246.554	944373.484	1420.000
581242.756	944376.735	1420.000
581239.048	944380.088	1420.000
581235.487	944383.598	1420.000
581232.273	944387.327	1419.998
581230.314	944391.906	1419.994
581228.248	944396.452	1420.000
581226.244	944401.033	1419.992
581223.293	944404.992	1420.000
581219.109	944407.714	1420.000
581214.967	944410.514	1420.000
581211.663	944413.998	1420.000
581209.921	944418.685	1420.000
581208.171	944423.368	1419.999
581206.189	944427.954	1420.000
581203.748	944432.317	1420.000
581201.043	944436.522	1420.000
581198.504	944440.826	1419.995
581196.231	944445.273	1420.000
581194.914	944449.996	1419.999
581195.569	944452.930	1420.004
581200.184	944451.817	1419.993
581205.007	944450.893	1420.000
581209.990	944450.547	1420.000
581214.982	944450.632	1420.000
581219.970	944450.980	1420.000
581224.953	944451.385	1420.000
581229.936	944451.793	1420.000
581234.913	944452.267	1420.000
581239.885	944452.802	1420.000
581244.858	944453.320	1420.000
581249.831	944453.839	1420.000
581254.746	944454.685	1420.001
581259.596	944455.902	1420.000
581264.451	944457.094	1420.000
581269.308	944458.282	1420.000
581274.076	944459.739	1420.000
581278.680	944461.690	1419.998
581283.280	944463.648	1420.002
581287.896	944465.570	1420.000
581292.503	944467.510	1420.000
581295.727	944471.332	1419.996
581297.526	944475.845	1420.000
581297.684	944480.789	1420.004
581297.175	944485.762	1420.000
581296.675	944490.737	1419.999
581296.342	944495.723	1419.994
581295.704	944500.677	1420.000
581294.916	944505.615	1420.000
581293.736	944510.463	1420.001
581291.068	944514.510	1420.000
581287.515	944518.027	1420.000
581283.918	944521.500	1420.002
581279.936	944524.499	1420.000
581275.775	944527.271	1420.000
581271.513	944529.885	1420.001
581267.116	944532.257	1420.000
581262.449	944534.046	1420.000
581257.743	944535.736	1420.000
581252.898	944536.956	1420.009
581247.913	944536.923	1420.000
581242.916	944536.758	1420.000
581237.920	944536.554	1420.001
581232.936	944536.170	1420.003
581227.954	944535.739	1420.000
581222.974	944535.297	1420.000
581217.993	944534.856	1420.000
581213.013	944534.414	1420.000
581208.033	944533.969	1420.000
581203.053	944533.524	1420.000
581198.073	944533.078	1420.000
581193.092	944532.633	1420.000
581188.120	944532.112	1420.000
581183.150	944531.560	1420.000
581178.181	944531.008	1420.000
581173.211	944530.456	1420.000
581168.298	944529.544	1420.004
581163.341	944528.919	1420.000
581158.371	944528.372	1420.000
581153.405	944527.802	1419.992
581148.630	944526.523	1420.009
581146.102	944529.225	1419.981
581146.165	944534.221	1420.018
581146.432	944539.207	1420.009
581147.129	944544.157	1420.000
581147.954	944549.087	1419.999
581149.178	944553.918	1420.000
581150.991	944558.578	1420.000
581152.824	944563.230	1420.000
581154.755	944567.842	1420.000
581156.686	944572.454	1420.000
581158.617	944577.066	1420.000
581160.548	944581.678	1420.000
581162.480	944586.290	1420.000
581164.411	944590.902	1420.000
581166.342	944595.514	1420.000
581168.273	944600.125	1420.000
581170.095	944604.780	1420.002
581171.521	944609.484	1420.022
581171.650	944613.655	1420.000
581167.492	944616.431	1420.000
581163.296	944619.150	1419.998
581158.577	944620.678	1420.011
581153.627	944621.320	1420.000
581148.652	944621.818	1420.000
581143.677	944622.317	1420.000
581138.702	944622.817	1420.000
581133.727	944623.316	1420.000
581129.052	944624.956	1420.000
581124.681	944627.361	1420.000
581120.550	944630.178	1420.000
581116.426	944633.005	1419.995
581112.432	944636.003	1420.000
581108.939	944639.581	1420.000
581105.709	944643.369	1419.987
581103.745	944647.939	1420.000
581102.749	944652.836	1420.000
581102.422	944657.825	1419.999
581102.216	944662.820	1420.000
581102.325	944667.816	1420.000
581101.644	944672.729	1419.999
581098.622	944676.713	1419.998
581095.970	944680.945	1420.000
581093.447	944685.261	1420.000
581090.391	944689.177	1420.014
581086.385	944692.141	1420.000
581081.925	944694.396	1420.001
581077.373	944696.463	1419.996
581072.481	944697.463	1420.000
581067.673	944696.092	1420.000
581062.872	944694.695	1420.000
581058.070	944693.304	1420.002
581053.446	944691.494	1419.998
581050.182	944687.800	1420.000
581047.633	944683.499	1420.000
581045.108	944679.184	1420.000
581042.591	944674.864	1420.000
581040.488	944670.357	1420.000
581038.988	944665.589	1420.000
581037.637	944660.777	1420.002
581036.443	944655.931	1419.985
581034.931	944651.334	1420.000
581031.374	944647.955	1420.029
581026.637	944646.444	1419.945
581022.178	944644.256	1420.000
581017.817	944641.826	1420.026
581013.402	944639.487	1420.000
581009.455	944636.445	1420.004
581005.462	944633.437	1420.000
581001.502	944630.385	1419.999
580997.543	944627.332	1420.000
580993.500	944624.392	1419.993
580989.500	944621.640	1420.000
580985.119	944620.680	1420.030
580984.354	944625.276	1419.987
580985.135	944630.205	1420.000
580986.229	944635.083	1420.000
580987.389	944639.947	1420.000
580988.557	944644.808	1420.000
580989.688	944649.679	1420.002
580990.448	944654.607	1420.000
580990.786	944659.596	1420.000
580991.141	944664.583	1419.999
580991.472	944669.571	1419.994
580991.306	944674.546	1420.000
580990.591	944679.494	1420.000
580989.848	944684.439	1419.999
580988.674	944689.274	1419.984
580986.122	944693.503	1420.000
580982.568	944697.020	1420.000
580979.037	944700.560	1419.999
580975.533	944704.127	1420.000
580971.930	944707.564	1420.007
580967.275	944709.268	1420.000
580962.275	944709.340	1420.000
580957.276	944709.406	1420.001
580952.280	944709.351	1420.000
580947.358	944708.469	1420.000
580942.441	944707.562	1420.000
580937.525	944706.650	1420.000
580932.609	944705.738	1420.000
580927.706	944704.759	1420.000
580922.797	944703.807	1420.001
580917.878	944702.912	1420.000
580912.958	944702.021	1420.000
580908.241	944703.495	1419.986
580903.338	944704.370	1419.965
580898.350	944704.155	1420.000
580893.360	944703.824	1420.000
580888.408	944703.154	1420.000
580883.426	944702.776	1419.990
580878.748	944704.290	1420.044
580876.143	944708.248	1420.173
580876.581	944713.119	1420.001
580878.760	944717.619	1420.000
580880.925	944722.126	1420.000
580883.089	944726.633	1420.000
580885.250	944731.142	1420.000
580887.411	944735.651	1420.000
580889.572	944740.160	1420.000
580891.726	944744.672	1420.001
580893.635	944749.282	1420.025
580894.471	944754.134	1419.998
580894.074	944759.118	1420.000
580893.668	944764.102	1420.000
580893.274	944769.086	1419.996
580892.898	944774.071	1419.988
580892.452	944779.051	1420.000
580891.995	944784.030	1420.001
580891.490	944789.004	1420.015
580890.852	944793.962	1420.000
580890.062	944798.899	1420.000
580889.270	944803.836	1420.000
580888.528	944808.779	1419.996
580888.243	944813.741	1420.000
580888.909	944818.696	1420.000
580889.569	944823.653	1419.999
580890.203	944828.612	1420.002
580890.931	944833.556	1420.000
580891.950	944838.451	1420.000
580893.139	944843.304	1420.000
580894.528	944848.107	1420.000
580895.939	944852.904	1420.002
580897.464	944857.666	1420.000
580898.898	944862.456	1420.000
580900.332	944867.245	1420.000
580901.793	944872.027	1420.000
580903.376	944876.770	1420.000
580904.961	944881.512	1420.000
580906.529	944886.259	1419.995
580907.855	944891.078	1420.002
580908.234	944896.031	1420.000
580908.244	944901.030	1420.000
580908.420	944906.026	1419.993
580909.137	944910.958	1419.949
580909.153	944915.948	1420.000
580908.956	944920.944	1420.000
580908.786	944925.941	1419.998
580908.783	944930.939	1419.989
580908.886	944935.938	1420.000
580909.031	944940.936	1420.000
580909.176	944945.934	1420.000
580909.321	944950.932	1420.000
580909.465	944955.930	1420.000
580909.607	944960.928	1420.000
580909.750	944965.926	1420.000
580909.927	944970.922	1420.000
580910.281	944975.909	1420.000
580910.709	944980.890	1420.000
580911.131	944985.872	1419.998
580911.563	944990.853	1419.993
580912.173	944995.814	1420.000
580912.902	945000.761	1420.000
580913.656	945005.703	1420.000
580914.408	945010.647	1420.000
580915.151	945015.591	1420.000
580915.881	945020.538	1420.000
580916.606	945025.485	1420.000
580917.313	945030.434	1420.000
580917.921	945035.397	1420.000
580918.446	945040.369	1420.001
580918.957	945045.343	1420.000
580919.471	945050.316	1420.000
580920.024	945055.286	1420.000
580920.589	945060.254	1419.999
580921.121	945065.225	1420.000
580921.703	945070.191	1420.000
580922.653	945075.091	1420.000
580923.833	945079.949	1420.000
580924.843	945084.843	1419.993
580925.683	945089.771	1420.000
580926.731	945094.648	1420.000
580928.146	945099.444	1420.000
580929.561	945104.239	1420.000
580930.977	945109.034	1420.000
580932.392	945113.830	1420.000
580933.842	945118.615	1420.000
580935.294	945123.400	1420.000
580936.747	945128.184	1420.000
580938.208	945132.966	1420.000
580939.692	945137.741	1420.000
580941.168	945142.518	1420.000
580942.631	945147.299	1420.000
580944.133	945152.068	1420.000
580945.811	945156.777	1420.000
580947.506	945161.481	1420.000
580949.185	945166.191	1420.001
580951.057	945170.826	1419.994
580953.753	945174.988	1420.000
580956.945	945178.836	1420.000
580960.119	945182.699	1420.000
580963.283	945186.571	1420.007
580966.502	945190.397	1420.000
580969.801	945194.151	1420.000
580973.033	945197.943	1420.000
580975.604	945202.232	1420.000
580978.175	945206.520	1420.000
580980.717	945210.826	1420.000
580983.131	945215.203	1420.000
580985.479	945219.617	1419.998
580987.821	945224.035	1420.001
580990.187	945228.439	1419.998
580992.487	945232.879	1420.000
580994.767	945237.328	1420.000
580997.056	945241.773	1420.000
580999.341	945246.220	1420.000
581001.706	945250.625	1420.000
581004.378	945254.842	1420.000
581007.254	945258.932	1420.000
581010.131	945263.021	1420.000
581013.027	945267.097	1420.000
581015.997	945271.119	1420.000
581018.968	945275.141	1420.000
581021.938	945279.163	1420.000
581024.909	945283.185	1420.000
581027.880	945287.206	1420.000
581030.860	945291.221	1420.000
581034.160	945294.948	1419.999
581037.958	945298.198	1419.990
581041.713	945301.497	1419.986
581045.440	945304.829	1420.004
581049.227	945308.093	1419.995
581053.084	945311.252	1419.995
581057.226	945314.019	1419.991
581061.123	945317.148	1420.003
581065.064	945320.217	1420.001
581068.974	945323.334	1420.006
581072.819	945326.514	1420.000
581076.025	945330.351	1420.000
581079.231	945334.188	1420.000
581082.436	945338.025	1420.000
581085.642	945341.862	1420.000
581088.847	945345.700	1420.000
581092.051	945349.538	1420.000
581095.122	945353.484	1420.000
581098.170	945357.447	1420.000
581101.218	945361.411	1420.000
581104.266	945365.374	1420.000
581107.326	945369.329	1420.000
581110.422	945373.254	1420.000
581113.602	945377.112	1420.007
581116.813	945380.945	1420.000
581120.011	945384.787	1420.000
581123.203	945388.636	1420.000
581126.379	945392.498	1420.000
581129.435	945396.455	1420.000
581132.492	945400.412	1420.000
581135.550	945404.367	1420.000
581138.608	945408.323	1420.000
581141.666	945412.279	1420.000
581144.722	945416.236	1420.000
581147.778	945420.194	1420.000
581150.835	945424.151	1420.000
581153.880	945428.116	1420.001
581156.850	945432.138	1420.001
581159.400	945436.437	1419.999
581161.913	945440.758	1420.005
581164.490	945445.041	1419.999
581166.991	945449.370	1420.000
581169.319	945453.785	1420.000
581171.217	945458.410	1420.000
581173.089	945463.046	1420.000
581174.904	945467.705	1420.000
581176.625	945472.400	1420.000
581177.846	945477.247	1419.999
581179.283	945482.035	1419.996
581180.732	945486.820	1420.000
581182.138	945491.618	1420.000
581183.252	945496.491	1420.000
581184.305	945501.378	1420.000
581185.363	945506.265	1420.000
581186.424	945511.151	1420.000
581187.472	945516.040	1420.000
581188.516	945520.930	1420.000
581189.562	945525.819	1420.000
581190.610	945530.708	1420.000
581191.410	945535.609	1419.951
581189.825	945539.898	1419.958
581185.159	945538.633	1420.000
581180.818	945536.206	1420.000
581176.467	945533.743	1420.000
581172.109	945531.292	1420.000
581167.750	945528.843	1420.000
581163.388	945526.398	1420.001
581159.012	945523.979	1419.998
581154.628	945521.576	1420.000
581150.233	945519.192	1420.000
581145.830	945516.822	1420.000
581141.428	945514.452	1420.000
581137.144	945511.913	1420.000
581133.414	945508.582	1420.000
581129.076	945506.190	1420.011
581124.655	945503.936	1419.976
581120.317	945501.530	1419.985
581116.029	945498.996	1420.000
581111.792	945496.358	1420.000
581107.480	945493.826	1420.000
581103.177	945491.281	1420.000
581098.884	945488.718	1420.000
581094.593	945486.151	1420.000
581090.309	945483.573	1420.000
581086.027	945480.991	1419.999
581081.750	945478.400	1420.004
581077.468	945475.819	1420.000
581073.193	945473.226	1419.996
581068.905	945470.654	1420.000
581064.619	945468.079	1420.000
581060.338	945465.497	1420.000
581056.057	945462.914	1420.000
581051.782	945460.321	1420.000
581047.534	945457.684	1420.000
581043.286	945455.046	1420.000
581039.040	945452.406	1420.000
581034.832	945449.705	1420.000
581030.762	945446.815	1419.998
581026.859	945443.690	1420.016
581022.924	945440.608	1420.001
581019.007	945437.505	1420.000
581015.153	945434.322	1420.005
581011.266	945431.189	1419.951
581007.395	945428.034	1420.000
581003.623	945424.760	1419.991
580999.783	945421.564	1420.007
580995.907	945418.412	1420.000
580992.097	945415.183	1420.000
580988.479	945411.733	1420.047
580984.728	945408.431	1420.000
580981.012	945405.090	1420.000
580977.291	945401.752	1420.000
580973.569	945398.414	1420.000
580969.904	945395.013	1420.000
580966.263	945391.587	1420.000
580962.621	945388.160	1420.000
580958.980	945384.734	1420.000
580955.338	945381.308	1420.000
580951.697	945377.881	1420.000
580948.060	945374.451	1420.000
580944.472	945370.968	1420.000
580940.953	945367.417	1420.000
580937.458	945363.841	1420.000
580933.964	945360.265	1420.000
580930.522	945356.638	1420.000
580927.119	945352.975	1420.000
580923.716	945349.311	1420.000
580920.314	945345.648	1420.000
580916.912	945341.984	1420.000
580913.509	945338.320	1420.000
580910.107	945334.656	1420.000
580906.704	945330.992	1420.000
580903.302	945327.328	1420.000
580899.900	945323.665	1420.000
580896.497	945320.001	1420.000
580893.096	945316.336	1420.001
580889.461	945312.906	1420.000
580885.800	945309.500	1420.000
580882.144	945306.090	1420.000
580878.490	945302.676	1420.000
580874.837	945299.262	1420.000
580871.013	945296.062	1420.000
580866.885	945293.241	1420.000
580862.707	945290.494	1420.000
580858.514	945287.771	1420.000
580854.310	945285.064	1420.000
580850.062	945282.428	1420.000
580845.782	945279.843	1420.000
580841.501	945277.260	1420.000
580837.221	945274.675	1420.000
580832.954	945272.069	1420.000
580828.682	945269.472	1419.992
580824.397	945266.898	1420.004
580820.112	945264.323	1420.000
580815.836	945261.731	1420.000
580811.556	945259.146	1420.000
580807.262	945256.584	1420.000
580802.969	945254.021	1420.000
580798.747	945251.348	1420.000
580794.629	945248.511	1420.000
580790.489	945245.708	1419.999
580786.308	945242.968	1420.005
580782.122	945240.233	1419.999
580777.933	945237.505	1420.000
580773.791	945234.705	1419.997
580769.593	945231.991	1420.000
580765.530	945229.076	1420.000
580761.485	945226.138	1420.000
580757.463	945223.167	1420.000
580753.441	945220.197	1420.000
580749.418	945217.228	1420.000
580745.394	945214.260	1420.000
580741.371	945211.291	1420.000
580737.347	945208.323	1420.000
580733.324	945205.354	1420.000
580729.300	945202.386	1420.000
580725.277	945199.417	1420.000
580721.253	945196.449	1420.000
580717.230	945193.481	1420.000
580713.207	945190.511	1420.000
580709.184	945187.542	1420.000
580705.162	945184.572	1420.000
580701.139	945181.602	1420.000
580697.117	945178.632	1420.000
580693.095	945175.662	1420.000
580689.071	945172.694	1420.000
580685.047	945169.726	1420.000
580681.023	945166.758	1420.000
580676.999	945163.790	1420.000
580672.975	945160.823	1420.000
580668.356	945158.967	1420.000
580663.650	945157.278	1420.000
580658.968	945155.523	1420.003
580654.324	945153.683	1419.981
580649.560	945152.181	1420.000
580644.744	945150.837	1420.000
580639.927	945149.498	1420.000
580635.109	945148.159	1420.000
580630.292	945146.819	1420.000
580625.475	945145.480	1420.000
580620.658	945144.140	1420.000
580615.840	945142.801	1420.000
580611.023	945141.461	1420.000
580606.206	945140.122	1420.000
580601.389	945138.782	1420.000
580596.571	945137.443	1420.000
580591.754	945136.105	1420.000
580586.933	945134.777	1420.000
580582.113	945133.449	1420.000
580577.272	945132.208	1420.000
580572.376	945131.196	1420.000
580567.410	945130.614	1420.000
580562.443	945130.038	1420.000
580557.476	945129.461	1420.000
580552.512	945128.865	1420.000
580547.552	945128.232	1420.000
580542.587	945127.640	1420.000
580537.621	945127.061	1420.000
580532.654	945126.487	1420.000
580527.656	945126.555	1420.000
580522.665	945126.848	1419.997
580517.676	945127.186	1420.000
580512.688	945127.528	1420.000
580507.792	945128.533	1420.000
580502.901	945129.571	1420.000
580498.010	945130.610	1420.000
580493.124	945131.670	1419.999
580488.253	945132.800	1420.000
580483.399	945133.999	1420.000
580478.547	945135.206	1420.000
580473.714	945136.486	1419.995
580468.892	945137.811	1420.000
580464.074	945139.146	1420.000
580459.255	945140.481	1420.000
580454.437	945141.816	1420.000
580449.619	945143.151	1420.000
580444.800	945144.486	1420.000
580439.982	945145.821	1420.000
580435.163	945147.156	1420.000
580430.273	945148.103	1420.003
580425.285	945148.383	1420.000
580420.286	945148.461	1420.000
580415.286	945148.532	1420.001
580410.412	945147.831	1420.000
580405.699	945146.163	1420.000
580400.990	945144.482	1420.000
580396.281	945142.800	1420.000
580391.572	945141.119	1420.000
580386.864	945139.437	1420.000
580382.155	945137.756	1420.000
580377.446	945136.074	1420.000
580372.737	945134.393	1420.000
580368.115	945132.488	1420.000
580363.588	945130.365	1420.000
580359.061	945128.242	1420.000
580354.549	945126.088	1420.000
580350.055	945123.896	1420.000
580345.570	945121.686	1420.000
580341.085	945119.476	1420.000
580336.600	945117.266	1420.000
580332.114	945115.057	1420.000
580327.629	945112.848	1420.000
580323.143	945110.639	1420.000
580318.657	945108.431	1420.000
580314.171	945106.222	1420.000
580309.435	945104.729	1420.003
580304.529	945103.789	1420.016
580299.570	945103.238	1420.000
580294.579	945102.935	1420.000
580289.647	945103.419	1419.999
580284.739	945104.369	1419.995
580279.791	945105.078	1420.000
580274.830	945105.705	1420.000
580269.854	945106.163	1420.001
580264.869	945106.088	1420.005
580259.893	945105.640	1420.000
580254.924	945105.083	1420.000
580249.955	945104.528	1420.000
580244.986	945103.974	1420.000
580240.016	945103.420	1420.000
580235.047	945102.866	1420.000
580230.078	945102.312	1420.000
580225.109	945101.759	1420.000
580220.140	945101.205	1420.000
580215.170	945100.651	1420.000
580210.292	945099.663	1420.000
580205.520	945098.172	1419.998
580200.745	945096.689	1420.003
580195.934	945095.335	1420.012
580191.163	945093.882	1420.000
580186.563	945091.922	1420.000
580181.967	945089.953	1420.000
580177.371	945087.984	1420.000
580172.775	945086.015	1420.000
580168.179	945084.046	1420.000
580163.583	945082.077	1420.000
580158.987	945080.107	1420.000
580154.391	945078.138	1420.000
580149.795	945076.169	1420.000
580145.200	945074.200	1420.000
580140.567	945072.340	1420.000
580135.706	945071.172	1420.000
580130.827	945070.084	1419.998
580125.914	945069.154	1420.000
580121.014	945068.162	1420.000
580116.108	945067.198	1420.000
580111.181	945066.348	1420.000
580106.230	945065.655	1420.000
580101.278	945064.964	1420.000
580096.326	945064.272	1420.000
580091.374	945063.580	1420.000
580086.422	945062.889	1420.000
580081.470	945062.197	1420.000
580076.518	945061.505	1420.000
580071.573	945060.773	1420.000
580066.655	945059.871	1420.000
580061.733	945058.991	1419.990
580056.805	945058.147	1420.000
580051.864	945057.385	1420.000
580046.968	945056.371	1420.000
580042.073	945055.354	1420.000
580037.173	945054.361	1419.997
580032.259	945053.457	1420.000
580027.259	945053.389	1420.000
580022.260	945053.334	1419.997
580017.261	945053.315	1419.984
580012.271	945053.542	1419.990
580007.348	945054.396	1419.999
580002.392	945055.062	1420.000
579997.430	945055.672	1420.000
579992.468	945056.286	1420.000
579987.599	945057.424	1420.000
579982.733	945058.576	1420.001
579977.905	945059.872	1420.001
579973.127	945061.345	1420.000
579968.352	945062.830	1420.000
579963.578	945064.314	1420.000
579958.802	945065.796	1420.000
579954.027	945067.278	1420.000
579949.121	945068.127	1420.024
579944.380	945069.626	1420.000
579939.726	945071.453	1420.000
579935.019	945073.129	1420.000
579930.181	945073.455	1420.000
579925.277	945072.476	1420.000
579920.436	945071.229	1420.000
579915.582	945070.028	1420.000
579910.736	945068.801	1419.999
579905.912	945067.486	1420.000
579901.088	945066.168	1420.000
579896.265	945064.851	1420.000
579891.442	945063.534	1420.000
579886.617	945062.220	1420.000
579881.793	945060.905	1420.000
579876.969	945059.591	1420.000
579872.144	945058.464	1420.000
579867.301	945059.707	1420.000
579862.481	945061.037	1420.000
579857.819	945062.840	1420.000
579853.208	945064.772	1420.000
579848.714	945066.962	1419.998
579844.549	945069.708	1420.000
579840.477	945072.607	1420.000
579836.127	945075.072	1420.000
579831.739	945077.460	1420.000
579827.139	945079.419	1419.999
579822.566	945081.441	1420.000
579818.339	945084.103	1420.000
579814.182	945086.882	1420.000
579809.875	945089.411	1420.003
579805.657	945092.093	1420.000
579801.280	945094.503	1419.999
579796.878	945096.874	1420.006
579792.570	945099.412	1420.000
579788.000	945101.440	1420.000
579783.503	945103.621	1420.026
579779.367	945106.429	1420.000
579775.235	945109.243	1420.000
579771.018	945111.923	1420.006
579766.585	945114.229	1420.000
579762.105	945116.449	1420.001
579757.683	945118.781	1420.002
579753.419	945121.392	1420.000
579748.909	945123.533	1420.005
579744.533	945125.932	1419.984
579740.432	945128.793	1420.000
579736.361	945131.694	1420.000
579732.124	945134.343	1420.000
579727.912	945137.037	1420.000
579723.740	945139.792	1420.002
579720.168	945143.229	1420.000
579717.280	945147.311	1420.000
579714.325	945151.344	1419.995
579711.195	945155.224	1420.000
579707.716	945158.815	1420.000
579704.237	945162.406	1420.000
579700.900	945166.129	1420.000
579697.555	945169.844	1420.000
579694.213	945173.562	1420.019
579690.979	945177.370	1420.000
579687.596	945181.052	1420.000
579684.168	945184.691	1419.998
579680.659	945188.253	1420.000
579677.146	945191.811	1419.999
579673.568	945195.303	1420.002
579669.613	945198.347	1420.000
579665.513	945201.208	1419.997
579661.151	945203.611	1420.000
579656.499	945205.443	1420.000
579651.841	945207.258	1419.999
579647.074	945208.755	1420.000
579642.185	945209.802	1420.000
579637.296	945210.849	1420.000
579632.408	945211.900	1420.003
579627.523	945212.962	1420.000
579622.637	945214.026	1420.000
579617.753	945215.095	1420.000
579612.879	945216.211	1419.999
579607.997	945217.290	1420.000
579603.114	945218.367	1420.000
579598.239	945219.476	1420.001
579593.375	945220.636	1420.000
579588.483	945221.667	1420.000
579583.788	945223.340	1420.021
579578.989	945224.455	1420.015
579574.285	945223.387	1419.987
579569.680	945221.451	1420.000
579565.149	945219.338	1420.001
579560.620	945217.224	1419.999
579556.146	945214.995	1420.000
579551.612	945212.898	1420.000
579546.938	945211.128	1420.000
579542.253	945209.380	1420.000
579537.569	945207.632	1420.000
579532.880	945205.897	1420.000
579528.497	945203.500	1420.004
579524.134	945201.059	1419.997
579519.757	945198.646	1420.004
579515.361	945196.271	1420.006
579510.933	945193.952	1420.000
579506.410	945191.826	1420.000
579501.799	945189.892	1420.000
579497.191	945187.953	1420.003
579492.561	945186.064	1420.000
579487.791	945184.565	1420.000
579483.028	945183.047	1419.990
579478.322	945181.359	1420.011
579473.606	945179.701	1420.000
579468.820	945178.258	1420.000
579464.011	945176.891	1420.000
579459.207	945175.503	1420.002
579454.419	945174.066	1419.991
579449.593	945172.761	1420.000
579444.908	945171.040	1420.000
579440.265	945169.183	1420.000
579435.631	945167.306	1420.000
579430.948	945165.741	1420.000
579425.966	945165.325	1420.000
579420.980	945164.950	1420.000
579415.993	945164.589	1420.000
579411.005	945164.239	1420.000
579406.016	945163.913	1420.001
579401.027	945163.572	1420.000
579396.041	945163.205	1420.000
579391.172	945162.362	1420.000
579386.586	945160.371	1420.002
579381.975	945158.453	1419.978
579377.381	945156.498	1420.005
579372.551	945155.292	1420.000
579368.956	945151.825	1420.004
579365.355	945148.356	1420.000
579361.777	945144.865	1420.000
579358.215	945141.357	1420.006
579354.620	945137.882	1420.000
579351.041	945134.391	1420.000
579347.589	945130.784	1420.001
579344.300	945127.020	1420.004
579341.015	945123.256	1420.000
579337.777	945119.456	1419.998
579334.618	945115.585	1420.010
579331.372	945111.840	1420.004
579329.522	945107.197	1420.000
579328.074	945102.412	1420.000
579326.588	945097.638	1420.000
579325.106	945092.862	1420.000
579324.351	945087.924	1420.000
579323.815	945082.953	1420.000
579323.294	945077.981	1420.000
579322.773	945073.008	1420.000
579324.414	945068.403	1419.985
579328.380	945065.401	1420.000
579332.549	945062.645	1420.000
579337.339	945061.211	1420.000
579342.281	945060.663	1419.996
579347.214	945061.453	1419.998
579352.113	945062.454	1420.000
579357.103	945062.670	1420.000
579362.100	945062.819	1420.000
579367.098	945062.968	1420.000
579372.096	945063.111	1420.000
579377.089	945062.868	1420.000
579382.081	945062.590	1420.000
579387.080	945062.641	1420.002
579392.078	945062.772	1420.001
579397.071	945063.022	1420.000
579402.065	945063.216	1420.013
579407.045	945062.782	1420.001
579412.043	945062.782	1420.004
579416.993	945063.451	1420.000
579421.938	945064.191	1420.000
579426.496	945062.563	1419.994
579422.579	945059.735	1420.000
579418.484	945057.257	1420.000
579414.145	945054.777	1419.997
579409.963	945052.070	1420.000
579405.926	945049.121	1420.000
579401.895	945046.162	1420.000
579397.852	945043.219	1420.000
579393.812	945040.274	1420.000
579389.797	945037.294	1420.000
579385.796	945034.295	1420.000
579382.054	945031.013	1420.000
579378.707	945027.298	1420.000
579375.544	945023.426	1420.000
579372.386	945019.550	1420.000
579369.360	945015.570	1420.000
579366.484	945011.493	1420.000
579364.140	945007.077	1420.001
579361.925	945002.595	1420.000
579359.810	944998.065	1420.000
579357.701	944993.532	1420.000
579355.338	944989.128	1420.000
579352.839	944984.797	1420.000
579349.750	944980.876	1420.000
579346.569	944977.018	1420.000
579343.380	944973.167	1420.000
579339.651	944969.854	1420.000
579335.784	944966.686	1420.000
579331.869	944963.576	1420.000
579328.071	944960.325	1420.000
579324.274	944957.071	1420.000
579320.478	944953.817	1420.000
579316.682	944950.563	1420.000
579312.885	944947.309	1420.000
579309.262	944943.865	1420.001
579305.664	944940.393	1420.001
579302.075	944936.911	1420.001
579298.478	944933.439	1420.001
579295.199	944929.672	1420.000
579292.139	944925.721	1420.000
579289.342	944921.576	1420.000
579286.546	944917.431	1420.000
579283.753	944913.284	1420.000
579280.962	944909.135	1420.000
579278.172	944904.986	1420.000
579275.383	944900.836	1420.000
579272.593	944896.686	1420.000
579270.060	944892.377	1420.000
579267.310	944888.202	1420.000
579264.512	944884.058	1420.001
579261.143	944881.387	1419.971
579256.228	944882.106	1420.000
579251.477	944883.654	1419.999
579246.754	944885.296	1420.001
579242.091	944887.099	1420.000
579237.424	944888.894	1420.000
579232.805	944890.806	1419.999
579228.152	944892.636	1420.000
579223.491	944894.447	1420.000
579218.825	944896.242	1420.001
579214.121	944897.936	1420.000
579209.529	944899.897	1420.000
579205.008	944902.033	1420.000
579200.484	944904.163	1420.000
579195.958	944906.288	1420.000
579191.432	944908.413	1420.001
579186.904	944910.534	1420.000
579182.369	944912.638	1420.001
579177.815	944914.702	1420.000
579173.043	944916.175	1420.008
579168.130	944917.086	1420.000
579163.202	944917.930	1420.000
579158.274	944918.775	1420.000
579153.346	944919.624	1420.000
579148.428	944920.521	1420.000
579143.509	944921.422	1420.000
579138.583	944922.278	1420.000
579133.653	944923.112	1420.000
579128.756	944924.114	1420.000
579123.866	944925.159	1420.000
579118.974	944926.194	1420.000
579114.082	944927.226	1420.000
579109.192	944928.271	1420.000
579104.304	944929.324	1420.000
579099.416	944930.376	1420.000
579094.528	944931.428	1420.000
579089.640	944932.481	1420.000
579084.752	944933.533	1420.000
579079.864	944934.586	1420.000
579074.977	944935.638	1420.000
579070.089	944936.690	1420.000
579065.207	944937.772	1420.000
579060.339	944938.915	1420.000
579055.477	944940.080	1420.000
579050.588	944941.111	1420.001
579045.765	944942.328	1420.001
579041.199	944944.366	1420.000
579036.637	944946.412	1420.000
579032.076	944948.460	1420.000
579027.517	944950.514	1420.000
579022.958	944952.568	1420.000
579018.406	944954.636	1420.000
579013.852	944956.700	1420.000
579009.297	944958.762	1420.000
579004.742	944960.823	1420.000
579000.188	944962.887	1420.000
578995.635	944964.956	1420.000
578991.032	944966.897	1420.001
578986.431	944968.831	1420.000
578982.021	944971.187	1420.000
578977.600	944973.522	1420.000
578972.986	944975.444	1420.002
578968.118	944974.693	1420.000
578963.235	944973.620	1420.000
578958.352	944972.543	1420.000
578953.429	944971.672	1420.000
578948.532	944970.670	1420.005
578943.609	944969.792	1420.000
578938.685	944968.924	1420.000
578933.761	944968.055	1420.000
578928.966	944966.674	1420.000
578924.217	944965.110	1420.000
578919.483	944963.500	1419.997
578914.814	944961.721	1420.001
578910.111	944960.037	1420.000
578905.340	944958.539	1420.000
578900.569	944957.044	1420.000
578895.813	944955.501	1419.995
578891.067	944953.931	1420.000
578886.303	944952.412	1420.000
578881.531	944950.920	1420.000
578876.765	944949.408	1419.997
578872.081	944947.662	1420.000
578867.468	944945.733	1420.000
578862.856	944943.801	1420.000
578858.244	944941.869	1420.000
578853.629	944939.946	1420.000
578849.808	944936.827	1420.000
578846.240	944933.324	1419.995
578842.702	944929.791	1420.000
578839.157	944926.267	1420.000
578835.538	944922.819	1419.998
578831.967	944919.321	1419.997
578831.343	944915.530	1420.015
578834.382	944911.938	1420.000
578839.063	944910.182	1420.000
578843.745	944908.425	1420.000
578848.419	944906.650	1419.996
578853.076	944904.834	1420.005
578857.736	944903.058	1420.003
578862.715	944902.597	1420.000
578867.702	944902.242	1420.000
578872.690	944901.889	1420.000
578877.680	944901.582	1420.000
578882.671	944901.276	1420.000
578887.661	944900.970	1420.000
578892.652	944900.664	1420.000
578897.640	944900.340	1419.997
578902.511	944899.230	1420.000
578906.999	944897.027	1420.000
578911.446	944894.742	1420.000
578916.196	944893.257	1420.000
578921.041	944892.020	1420.000
578925.885	944890.783	1420.000
578930.653	944889.294	1419.973
578935.178	944887.201	1420.000
578939.494	944884.677	1420.000
578943.810	944882.153	1420.000
578948.127	944879.630	1420.000
578952.449	944877.115	1420.000
578956.955	944874.953	1420.000
578961.192	944872.319	1420.000
578965.697	944870.149	1420.000
578970.201	944867.979	1420.000
578974.762	944865.930	1420.000
578979.338	944863.916	1420.000
578983.918	944861.909	1420.000
578988.507	944859.924	1420.000
578993.103	944857.957	1420.000
578997.742	944856.091	1420.000
579002.381	944854.225	1420.000
579007.020	944852.360	1420.000
579011.563	944850.282	1420.008
579015.769	944847.584	1420.000
579019.887	944844.747	1420.000
579024.004	944841.910	1420.000
579028.122	944839.074	1420.000
579032.245	944836.246	1420.000
579036.798	944834.191	1420.000
579041.386	944832.205	1420.000
579046.017	944830.319	1420.000
579050.648	944828.434	1420.000
579055.283	944826.559	1420.000
579059.923	944824.696	1420.000
579064.435	944822.573	1420.001
579068.514	944819.683	1420.000
579072.548	944816.731	1420.000
579077.242	944815.010	1420.000
579081.937	944813.289	1420.000
579086.631	944811.568	1420.000
579091.320	944809.834	1420.000
579095.999	944808.069	1420.000
579100.674	944806.297	1420.000
579105.349	944804.524	1420.000
579110.024	944802.751	1420.000
579114.717	944801.027	1420.004
579119.485	944799.528	1420.019
579124.172	944797.792	1420.000
579128.806	944795.913	1420.000
579133.440	944794.035	1420.000
579138.083	944792.182	1420.000
579142.770	944790.440	1420.000
579147.457	944788.698	1420.000
579152.144	944786.957	1420.000
579156.692	944784.883	1420.000
579161.229	944782.781	1420.000
579165.766	944780.679	1420.000
579170.302	944778.577	1420.000
579174.807	944776.408	1419.995
579179.011	944773.722	1420.005
579182.960	944770.656	1420.000
579186.900	944767.577	1420.000
579190.855	944764.518	1420.000
579195.416	944763.068	1420.000
579200.406	944762.761	1420.000
579204.967	944761.118	1420.000
579208.985	944758.146	1420.000
579212.908	944755.047	1420.000
579216.966	944752.184	1420.000
579221.641	944750.410	1420.000
579226.316	944748.637	1420.000
579231.065	944747.081	1419.999
579235.935	944747.391	1420.000
579240.811	944748.495	1420.000
579245.686	944749.609	1420.000
579250.560	944750.722	1420.000
579255.435	944751.836	1420.000
579260.199	944753.290	1420.000
579264.801	944755.245	1420.000
579269.402	944757.201	1420.000
579274.004	944759.157	1420.000
579278.606	944761.112	1420.000
579283.207	944763.068	1420.000
579287.809	944765.023	1420.000
579292.411	944766.979	1420.000
579297.016	944768.927	1420.000
579301.622	944770.872	1420.000
579306.232	944772.808	1420.000
579310.894	944774.613	1420.002
579315.612	944776.268	1419.998
579320.330	944777.925	1420.000
579325.039	944779.604	1420.000
579329.748	944781.285	1420.000
579334.533	944782.697	1420.000
579339.425	944783.732	1420.000
579344.296	944784.854	1419.997
579349.136	944786.104	1420.002
579353.967	944787.388	1420.000
579358.838	944788.514	1420.000
579363.710	944789.642	1420.000
579368.585	944790.752	1419.996
579373.275	944792.266	1420.001
579377.337	944795.179	1420.000
579381.402	944798.090	1420.007
579385.481	944800.981	1419.999
579389.552	944803.884	1419.999
579393.672	944806.714	1420.000
579397.974	944809.260	1420.000
579402.303	944811.762	1420.000
579406.827	944813.873	1420.000
579411.431	944815.822	1420.000
579416.037	944817.769	1420.000
579420.642	944819.716	1420.000
579425.247	944821.664	1420.000
579429.855	944823.604	1420.000
579434.611	944825.015	1420.000
579439.560	944825.725	1420.000
579444.506	944826.455	1420.003
579449.445	944827.231	1420.000
579454.374	944828.073	1419.999
579459.310	944828.870	1420.000
579464.245	944829.672	1420.000
579469.175	944830.504	1420.006
579474.097	944831.383	1420.001
579479.002	944832.351	1420.000
579483.905	944833.329	1420.000
579488.809	944834.306	1420.000
579493.715	944835.272	1420.001
579498.628	944836.198	1420.001
579503.536	944837.152	1420.000
579508.443	944838.112	1420.000
579513.361	944839.004	1420.000
579518.324	944839.613	1419.997
579523.270	944840.338	1420.000
579528.203	944841.160	1420.000
579533.136	944841.964	1420.000
579538.106	944842.519	1420.000
579543.073	944843.085	1419.991
579548.021	944843.803	1419.999
579552.955	944844.603	1420.000
579557.803	944845.827	1420.000
579562.650	944847.054	1420.002
579567.500	944848.270	1420.000
579572.323	944849.586	1420.001
579577.133	944850.951	1420.000
579581.942	944852.320	1420.000
579586.751	944853.690	1420.000
579591.559	944855.060	1420.000
579596.367	944856.433	1420.000
579601.175	944857.804	1420.000
579605.984	944859.176	1420.000
579610.792	944860.547	1420.000
579615.600	944861.920	1420.000
579620.407	944863.295	1420.000
579625.214	944864.669	1420.000
579630.022	944866.043	1420.000
579634.829	944867.417	1420.000
579639.636	944868.793	1420.000
579644.443	944870.170	1420.000
579649.250	944871.547	1420.000
579654.032	944873.003	1420.000
579658.766	944874.612	1420.000
579663.499	944876.224	1420.000
579668.232	944877.836	1420.000
579672.960	944879.462	1420.000
579677.655	944881.179	1419.990
579682.328	944882.928	1420.000
579687.234	944883.803	1419.982
579692.196	944884.359	1419.998
579697.194	944884.401	1420.000
579702.194	944884.407	1420.000
579707.190	944884.227	1419.998
579712.178	944883.883	1419.999
579717.164	944883.513	1420.000
579722.150	944883.140	1420.000
579727.136	944882.768	1420.000
579732.122	944882.395	1420.000
579737.108	944882.019	1420.000
579742.094	944881.643	1420.000
579747.080	944881.267	1420.000
579752.066	944880.894	1420.000
579757.062	944880.717	1420.000
579762.057	944880.494	1420.001
579767.044	944880.136	1420.000
579772.030	944879.763	1420.000
579776.975	944880.423	1420.000
579781.929	944881.097	1420.007
579786.912	944881.490	1420.002
579791.903	944881.799	1420.000
579796.826	944882.649	1420.000
579801.740	944883.574	1420.000
579806.639	944884.573	1420.001
579811.529	944885.612	1420.000
579816.324	944887.018	1420.000
579821.096	944888.511	1420.000
579825.868	944890.004	1420.000
579830.640	944891.497	1420.000
579835.412	944892.989	1420.000
579840.185	944894.480	1420.000
579844.957	944895.971	1420.000
579849.730	944897.461	1420.000
579854.502	944898.954	1420.000
579859.273	944900.448	1420.000
579864.045	944901.942	1420.000
579868.816	944903.436	1420.000
579873.588	944904.930	1420.000
579878.361	944906.420	1420.000
579883.131	944907.918	1420.000
579887.896	944909.434	1420.000
579892.659	944910.956	1420.000
579897.400	944912.543	1419.999
579902.060	944914.356	1420.000
579906.718	944916.171	1420.000
579911.381	944917.978	1420.000
579916.161	944919.427	1420.000
579920.954	944920.847	1419.987
579925.701	944922.412	1420.000
579930.426	944924.047	1420.001
579935.148	944923.813	1420.000
579939.883	944922.216	1420.002
579944.788	944922.033	1420.001
579949.717	944922.860	1419.999
579954.519	944922.601	1420.000
579959.190	944920.817	1420.011
579963.905	944919.155	1419.998
579968.663	944917.619	1420.000
579973.446	944916.170	1420.001
579978.315	944915.034	1420.000
579983.189	944913.916	1420.000
579988.063	944912.800	1420.000
579992.958	944911.788	1420.000
579997.885	944910.934	1420.000
580002.812	944910.080	1420.000
580007.738	944909.226	1420.000
580012.664	944908.367	1420.000
580017.591	944907.519	1420.000
580022.521	944906.684	1420.000
580027.451	944905.850	1420.000
580032.381	944905.016	1420.000
580037.311	944904.181	1420.000
580042.241	944903.347	1420.000
580047.171	944902.512	1420.000
580052.100	944901.678	1420.000
580057.030	944900.844	1420.000
580061.960	944900.009	1420.000
580066.890	944899.175	1420.000
580071.819	944898.335	1420.000
580076.658	944897.087	1420.010
580081.378	944895.441	1420.001
580086.069	944893.710	1420.000
580090.762	944891.986	1420.005
580095.393	944890.103	1420.001
580099.972	944888.095	1420.000
580104.555	944886.096	1420.000
580109.145	944884.112	1420.000
580113.830	944882.453	1420.000
580118.755	944881.596	1419.972
580123.619	944880.476	1419.998
580128.357	944878.879	1420.000
580133.104	944877.334	1420.001
580138.035	944876.505	1420.001
580142.978	944875.753	1420.000
580147.923	944875.013	1420.000
580152.868	944874.274	1419.999
580157.822	944873.593	1420.000
580162.782	944872.962	1420.000
580167.743	944872.344	1419.997
580172.706	944871.738	1420.000
580177.669	944871.132	1420.000
580182.633	944870.526	1420.000
580187.595	944869.918	1420.000
580192.543	944869.199	1420.000
580197.504	944868.574	1420.000
580202.465	944867.949	1420.000
580207.426	944867.323	1420.000
580212.384	944866.679	1420.000
580217.344	944866.049	1420.000
580222.304	944865.419	1420.000
580227.265	944864.790	1420.000
580232.225	944864.163	1420.000
580237.189	944863.560	1420.000
580242.152	944862.958	1420.000
580247.113	944862.334	1420.000
580252.073	944861.704	1420.000
580257.057	944861.302	1420.000
580262.038	944860.878	1420.002
580267.007	944860.321	1420.000
580271.971	944859.721	1420.000
580276.679	944858.078	1420.000
580281.442	944856.564	1419.997
580286.243	944855.167	1420.000
580291.045	944853.774	1420.000
580295.881	944852.512	1420.000
580300.780	944851.512	1420.000
580305.685	944850.539	1420.000
580310.579	944849.517	1419.995
580315.473	944848.496	1420.000
580320.373	944847.498	1420.000
580325.272	944846.497	1420.001
580330.159	944845.444	1420.000
580335.049	944844.399	1420.000
580339.946	944843.388	1420.000
580344.842	944842.378	1420.000
580349.739	944841.367	1420.000
580354.636	944840.356	1420.000
580359.533	944839.345	1420.000
580364.429	944838.334	1420.000
580369.326	944837.323	1420.000
580374.223	944836.312	1420.000
580379.120	944835.302	1420.000
580384.017	944834.291	1420.000
580388.913	944833.280	1420.000
580393.810	944832.271	1420.000
580398.710	944831.276	1420.000
580403.611	944830.283	1420.000
580408.508	944829.275	1420.005
580413.371	944828.114	1420.002
580418.194	944826.797	1420.000
580423.014	944825.468	1419.997
580427.776	944823.945	1420.001
580432.461	944822.199	1420.000
580437.020	944820.146	1420.000
580441.633	944818.217	1420.010
580446.290	944816.398	1420.000
580450.955	944814.598	1420.000
580455.610	944812.776	1420.001
580460.352	944811.194	1420.000
580465.111	944809.658	1420.000
580469.901	944808.231	1419.999
580474.721	944806.906	1420.000
580479.518	944805.494	1420.000
580484.315	944804.082	1420.000
580489.111	944802.670	1420.000
580493.908	944801.258	1420.000
580498.704	944799.847	1420.000
580503.501	944798.435	1420.000
580508.297	944797.023	1420.000
580513.094	944795.611	1420.000
580517.890	944794.199	1420.000
580522.687	944792.787	1420.000
580527.483	944791.375	1420.000
580532.280	944789.964	1420.000
580537.095	944788.617	1420.000
580541.912	944787.277	1420.000
580546.733	944785.952	1419.997
580551.575	944784.706	1420.000
580556.484	944783.763	1420.000
580561.407	944782.889	1420.000
580566.330	944782.015	1420.000
580571.253	944781.141	1420.000
580576.176	944780.267	1420.000
580581.071	944779.256	1419.983
580585.926	944778.061	1419.998
580590.765	944776.802	1420.000
580595.630	944775.654	1420.034
580600.386	944774.123	1419.997
580605.079	944772.399	1420.000
580609.673	944770.426	1420.000
580614.271	944768.462	1420.004
580618.846	944766.444	1420.000
580623.414	944764.411	1420.000
580627.982	944762.378	1420.000
580632.550	944760.344	1420.000
580637.117	944758.309	1420.000
580641.684	944756.274	1420.000
580646.251	944754.238	1420.000
580650.819	944752.206	1420.001
580655.385	944750.168	1420.000
580659.952	944748.132	1420.000
580664.519	944746.097	1420.000
580669.086	944744.064	1420.000
580673.655	944742.031	1420.000
580678.223	944739.999	1420.000
580682.790	944737.964	1420.000
580687.357	944735.929	1420.000
580691.927	944733.900	1420.000
580696.682	944732.366	1420.000
580701.458	944730.888	1420.000
580706.236	944729.413	1420.000
580710.804	944727.421	1420.000
580715.184	944725.017	1420.000
580719.641	944722.752	1420.000
580724.000	944720.308	1419.999
580728.256	944717.682	1420.000
580732.500	944715.039	1420.000
580736.781	944712.458	1420.000
580741.329	944710.379	1420.000
580745.876	944708.301	1420.000
580749.949	944705.477	1419.999
580753.856	944702.396	1420.000
580758.181	944699.888	1420.001
580762.403	944697.210	1420.000
580766.546	944694.410	1420.000
580770.592	944691.482	1420.011
580774.097	944687.923	1420.002
580771.357	944684.358	1420.013
580767.397	944681.317	1420.001
580763.668	944677.988	1420.007
580760.072	944674.514	1420.000
580756.459	944671.057	1419.999
580752.804	944667.646	1420.000
580749.251	944664.128	1420.000
580745.709	944660.599	1420.000
580742.168	944657.069	1420.000
580738.627	944653.539	1420.000
580735.137	944649.958	1420.000
580731.797	944646.249	1420.000
580728.856	944642.206	1420.000
580725.917	944638.161	1420.000
580722.982	944634.113	1420.000
580719.904	944630.176	1420.000
580716.633	944626.400	1419.974
580712.929	944623.047	1419.982
580708.963	944620.003	1420.000
580704.976	944616.986	1420.000
580700.995	944613.962	1420.003
580698.245	944610.066	1420.001
580698.960	944606.030	1419.987
580702.669	944602.679	1420.000
580706.432	944599.387	1419.993
580710.183	944596.083	1420.003
580713.706	944592.549	1420.001
580716.634	944588.496	1419.997
580719.518	944584.412	1420.000
580722.381	944580.312	1420.000
580725.202	944576.184	1420.000
580728.014	944572.050	1419.997
580730.769	944567.878	1419.999
580733.555	944563.729	1420.000
580736.531	944559.711	1420.000
580739.238	944555.516	1419.998
580741.756	944551.198	1420.000
580744.422	944546.968	1419.999
580747.098	944542.744	1419.999
580749.748	944538.504	1420.000
580752.396	944534.263	1420.000
580754.946	944529.977	1420.000
580757.167	944525.498	1420.000
580759.276	944520.965	1419.988
580761.144	944516.329	1420.003
580762.769	944511.601	1420.000
580764.310	944506.845	1419.992
580765.489	944501.989	1420.001
580766.264	944497.050	1420.000
580767.075	944492.123	1420.000
580768.527	944487.346	1419.999
580769.242	944482.397	1420.000
580769.835	944477.432	1420.000
580770.433	944472.469	1420.000
580771.767	944467.650	1420.000
580773.549	944462.989	1420.000
580775.625	944458.440	1420.000
580776.955	944453.645	1419.977
580778.265	944448.822	1420.000
580779.733	944444.043	1420.000
580781.002	944439.211	1419.980
580781.974	944434.308	1419.999
580783.095	944429.440	1420.000
580784.408	944424.615	1420.001
580785.734	944419.794	1420.000
580787.051	944414.971	1420.000
580788.360	944410.145	1420.000
580789.684	944405.324	1420.000
580791.033	944400.509	1420.000
580792.385	944395.695	1420.000
580793.913	944390.937	1419.995
580795.533	944386.207	1420.000
580797.195	944381.491	1420.000
580798.856	944376.775	1420.000
580800.568	944372.080	1420.000
580802.772	944367.592	1420.000
580804.983	944363.108	1420.000
580806.991	944358.529	1419.999
580808.971	944353.938	1420.000
580811.048	944349.391	1419.990
580813.239	944344.906	1420.000
580815.844	944340.638	1420.000
580818.246	944336.266	1419.997
580820.265	944331.699	1420.000
580822.745	944327.357	1419.989
580825.005	944322.904	1420.000
580826.517	944318.140	1419.994
580827.936	944313.346	1420.000
580829.537	944308.610	1420.003
580831.121	944303.867	1419.999
580832.730	944299.134	1420.000
580834.539	944294.473	1420.005
580836.303	944289.795	1420.000
580838.106	944285.131	1420.000
580839.888	944280.460	1419.998
580841.538	944275.740	1420.001
580843.155	944271.010	1420.000
580844.862	944266.310	1419.999
580846.469	944261.576	1420.002
580847.979	944256.809	1420.000
580849.454	944252.033	1420.009
580850.757	944247.209	1419.999
580852.632	944242.575	1420.000
580854.627	944237.990	1420.000
580856.969	944233.578	1420.013
580859.207	944229.111	1420.000
580861.242	944224.545	1420.000
580863.245	944219.963	1420.000
580865.273	944215.393	1420.000
580867.299	944210.822	1420.000
580869.218	944206.206	1419.999
580871.004	944201.536	1420.000
580872.791	944196.866	1419.999
580874.655	944192.227	1420.000
580876.494	944187.577	1420.000
580878.331	944182.927	1420.000
580880.111	944178.254	1420.000
580881.772	944173.539	1419.999
580883.635	944168.900	1420.000
580885.557	944164.285	1419.997
580887.423	944159.646	1420.000
580889.261	944154.996	1420.000
580891.197	944150.388	1420.003
580893.188	944145.801	1420.000
580895.240	944141.242	1420.000
580897.292	944136.682	1420.000
580899.354	944132.128	1420.000
580901.567	944127.644	1420.000
580903.778	944123.159	1420.005
580905.779	944118.578	1419.999
580907.747	944113.981	1420.000
580909.807	944109.426	1420.001
580911.880	944104.876	1420.000
580913.953	944100.326	1420.000
580916.014	944095.770	1420.003
580917.988	944091.177	1420.000
580919.905	944086.559	1420.000
580921.788	944081.928	1420.016
580923.135	944077.113	1420.000
580924.357	944072.265	1420.000
580925.587	944067.419	1420.000
580926.749	944062.555	1420.000
580927.864	944057.681	1420.000
580928.979	944052.807	1420.000
580930.114	944047.938	1420.000
580931.259	944043.071	1420.000
580932.405	944038.204	1420.000
580933.661	944033.365	1420.013
580934.580	944028.450	1420.001
580935.427	944023.522	1420.000
580936.269	944018.594	1420.000
580937.118	944013.667	1420.000
580938.273	944008.805	1420.000
580939.694	944004.013	1420.004
580941.136	943999.226	1419.989
580942.680	943994.471	1420.001
580943.759	943989.609	1420.000
580943.910	943984.636	1420.004
580943.537	943979.650	1420.000
580943.097	943974.670	1420.000
580942.815	943969.680	1420.000
580942.808	943964.682	1420.001
580942.838	943959.682	1420.000
580942.808	943954.682	1420.000
580942.780	943949.682	1420.000
580942.773	943944.683	1419.998
580943.151	943939.708	1420.000
580943.806	943934.751	1420.000
580944.758	943929.850	1420.000
580946.606	943925.263	1419.990
580949.485	943921.175	1420.000
580952.357	943917.082	1420.000
580955.041	943912.864	1420.000
580957.664	943908.608	1420.000
580960.103	943904.245	1420.000
580963.010	943900.227	1420.000
580966.700	943896.853	1420.000
580969.947	943893.065	1420.000
580972.835	943888.989	1420.000
580975.169	943884.568	1420.000
580977.442	943880.115	1420.000
580980.260	943876.004	1420.000
580983.407	943872.119	1420.000
580986.393	943868.109	1420.000
580989.363	943864.089	1420.006
580992.288	943860.033	1420.000
580995.608	943856.300	1420.011
580998.484	943852.221	1420.000
581000.869	943847.827	1420.000
580999.270	943843.454	1419.928
580994.915	943841.165	1420.000
580990.249	943839.371	1420.000
580985.554	943837.652	1420.000
580980.841	943835.982	1420.000
580976.132	943834.301	1420.002
580971.446	943832.563	1420.000
580967.007	943830.265	1420.000
580962.698	943827.728	1420.000
580958.627	943824.828	1420.000
580954.579	943821.893	1420.000
580950.788	943818.658	1420.000
580947.298	943815.081	1420.000
580944.259	943811.111	1420.000
580941.267	943807.105	1420.000
580938.334	943803.056	1420.000
580935.401	943799.007	1420.000
580932.455	943794.971	1420.000
580927.916	943793.018	1419.960
580923.053	943793.784	1420.000
580918.152	943794.775	1420.000
580913.211	943795.529	1420.004
580908.314	943796.534	1420.000
580903.538	943798.000	1420.000
580898.756	943799.460	1419.993
580893.900	943800.648	1420.000
580889.059	943801.895	1420.000
580884.252	943803.270	1419.999
580879.441	943804.631	1420.000
580874.624	943805.974	1420.000
580869.708	943806.445	1420.000
580864.772	943805.779	1419.986
580859.911	943804.662	1420.000
580854.987	943803.792	1420.000
580850.083	943802.821	1420.000
580845.222	943801.655	1420.000
580840.378	943801.273	1420.032
580836.109	943803.808	1420.000
580832.158	943806.541	1420.000
580827.614	943804.455	1420.000
580825.055	943800.199	1420.000
580822.541	943795.877	1420.000
580820.103	943791.515	1420.000
580817.980	943786.990	1420.000
580816.207	943782.315	1420.000
580814.447	943777.635	1420.000
580812.952	943772.869	1420.011
580809.546	943769.290	1419.999
580805.730	943766.063	1420.004
580801.879	943762.874	1420.000
580797.996	943759.725	1420.001
580794.114	943756.574	1419.997
580790.327	943753.311	1420.000
580786.895	943749.688	1420.000
580783.797	943745.770	1419.987
580781.140	943741.542	1420.014
580778.375	943737.382	1420.000
580775.449	943733.333	1419.995
580772.835	943729.071	1420.000
580770.463	943724.672	1420.003
580768.101	943720.265	1420.000
580767.345	943715.693	1420.003
580769.628	943711.563	1419.996
580773.710	943708.677	1420.000
580777.813	943705.819	1420.000
580781.917	943702.963	1420.000
580786.273	943700.518	1420.000
580790.612	943698.033	1420.000
580794.919	943695.495	1420.002
580799.346	943693.173	1420.000
580803.857	943691.018	1420.000
580808.377	943688.879	1419.998
580812.898	943686.744	1420.000
580817.441	943684.656	1420.000
580821.984	943682.569	1420.000
580826.411	943680.244	1420.000
580830.831	943677.907	1420.000
580835.248	943675.564	1420.002
580839.620	943673.139	1420.000
580843.992	943670.712	1420.000
580848.365	943668.289	1420.008
580852.646	943665.706	1420.000
580857.013	943663.272	1420.000
580861.309	943660.717	1420.017
580865.255	943657.649	1420.000
580869.256	943654.656	1420.000
580873.450	943651.944	1420.000
580877.859	943649.585	1420.000
580882.262	943647.216	1420.000
580886.698	943644.911	1420.001
580891.602	943644.259	1420.000
580896.414	943645.422	1420.000
580901.187	943646.911	1420.000
580905.955	943648.415	1420.000
580910.670	943650.065	1420.003
580915.215	943652.150	1420.000
580919.695	943654.352	1420.000
580924.169	943656.584	1420.000
580928.581	943658.926	1420.000
580932.795	943661.615	1420.000
580936.779	943664.637	1420.000
580940.777	943667.636	1420.000
580945.058	943670.219	1420.000
580949.423	943672.646	1420.000
580954.044	943674.554	1419.992
580958.721	943676.320	1420.000
580963.365	943678.172	1420.000
580967.979	943680.088	1420.000
580972.347	943682.521	1420.000
580976.423	943685.415	1420.000
580980.477	943688.341	1420.000
580984.584	943691.173	1419.974
580988.487	943692.913	1420.071
580990.587	943688.406	1419.964
580991.440	943683.492	1420.000
580992.122	943678.539	1420.000
580992.817	943673.588	1420.010
580993.289	943668.611	1420.000
580994.011	943663.666	1420.000
580994.813	943658.731	1420.000
580995.402	943653.768	1419.991
580995.987	943648.802	1420.000
580996.812	943643.872	1420.000
580997.779	943638.968	1419.971
581001.065	943635.426	1420.000
581004.962	943632.301	1420.000
581008.591	943629.115	1419.931
581013.543	943629.145	1419.999
581018.488	943629.887	1420.000
581023.436	943630.607	1420.000
581028.393	943631.214	1419.948
581033.331	943631.681	1420.000
581038.277	943630.954	1420.000
581043.224	943630.227	1420.000
581048.176	943629.651	1420.002
581053.132	943630.182	1420.000
581057.893	943631.708	1420.000
581062.659	943633.220	1420.000
581067.430	943634.717	1420.000
581072.129	943636.424	1420.001
581076.939	943635.335	1419.999
581081.043	943632.547	1420.000
581085.003	943629.495	1420.000
581088.800	943626.254	1420.000
581092.342	943622.725	1420.000
581095.604	943618.937	1420.000
581098.986	943615.257	1420.000
581102.462	943611.664	1420.000
581105.857	943607.993	1420.000
581109.227	943604.300	1420.000
581112.586	943600.597	1420.000
581115.869	943596.825	1419.994
581119.385	943593.271	1420.000
581123.051	943589.873	1420.000
581126.794	943586.560	1419.991
581130.733	943583.480	1420.000
581134.638	943580.358	1420.000
581138.504	943577.187	1420.000
581142.311	943573.946	1420.000
581146.101	943570.685	1420.000
581149.874	943567.403	1420.000
581153.655	943564.132	1420.000
581157.376	943560.792	1420.000
581161.091	943557.447	1420.000
581164.802	943554.095	1420.000
581168.500	943550.732	1420.018
581172.493	943547.732	1420.000
581176.526	943544.777	1420.000
581180.570	943541.837	1420.001
581184.591	943538.864	1420.000
581188.615	943535.897	1420.000
581192.676	943532.980	1419.996
581196.908	943530.318	1420.000
581201.138	943527.652	1420.000
581205.393	943525.030	1419.998
581210.000	943523.126	1420.000
581214.812	943521.792	1420.000
581219.694	943520.711	1419.999
581224.568	943519.595	1420.000
581229.439	943518.468	1420.000
581234.316	943517.367	1420.000
581239.186	943516.236	1420.000
581244.045	943515.054	1420.000
581248.905	943513.880	1420.000
581253.763	943512.698	1420.001
581258.582	943511.365	1420.000
581263.399	943510.025	1420.000
581268.191	943508.611	1419.996
581272.846	943506.791	1420.000
581277.322	943504.561	1420.000
581281.793	943502.323	1420.006
581285.933	943499.526	1420.000
581290.116	943496.788	1420.000
581294.338	943494.111	1420.021
581298.278	943491.034	1420.000
581302.133	943487.851	1420.000
581306.009	943484.692	1420.004
581309.980	943481.654	1420.000
581313.942	943478.605	1420.000
581317.871	943475.512	1420.000
581321.780	943472.395	1420.000
581325.593	943469.161	1420.000
581329.417	943465.939	1420.000
581333.239	943462.716	1420.000
581337.012	943459.434	1420.000
581340.889	943456.278	1420.000
581344.820	943453.189	1420.000
581348.676	943450.015	1419.999
581351.479	943445.947	1420.000
581353.634	943441.442	1420.000
581356.061	943437.073	1419.986
581359.575	943433.542	1420.000
581363.457	943430.395	1420.000
581367.359	943427.284	1420.023
581369.211	943422.640	1420.000
581371.071	943417.999	1420.000
581373.235	943413.537	1419.976
581377.553	943411.099	1420.000
581382.097	943409.012	1420.000
581386.674	943407.004	1420.014
581391.163	943404.804	1420.000
581395.764	943402.855	1420.000
581400.356	943400.882	1420.011
581404.523	943398.138	1420.000
581408.257	943394.884	1420.000
581411.640	943391.300	1419.933
581416.375	943389.714	1420.000
581421.154	943388.244	1420.000
581425.925	943386.750	1419.992
581430.801	943385.666	1420.000
581435.744	943384.930	1420.000
581440.703	943384.293	1420.000
581445.616	943383.391	1419.990
581450.446	943382.107	1420.000
581455.224	943380.636	1420.000
581459.956	943379.023	1420.001
581464.618	943377.217	1420.000
581469.283	943375.420	1420.000
581473.986	943373.723	1420.003
581478.639	943371.909	1419.984
581482.924	943369.378	1420.013
581485.514	943365.163	1420.000
581487.609	943360.623	1420.000
581489.705	943356.084	1420.000
581491.905	943351.603	1419.960
581495.644	943348.299	1420.000
581499.193	943344.787	1420.000
581503.042	943341.859	1420.000
581508.026	943341.509	1420.000
581512.937	943340.581	1420.000
581517.725	943339.143	1420.002
581522.407	943337.390	1420.000
581527.050	943335.534	1420.000
581531.690	943333.673	1420.000
581536.267	943331.661	1420.000
581540.837	943329.632	1420.000
581545.407	943327.603	1420.000
581550.086	943325.871	1420.000
581554.966	943324.920	1420.000
581559.948	943324.497	1420.000
581564.908	943324.646	1419.989
581569.866	943325.251	1420.000
581574.844	943325.634	1420.000
581579.843	943325.726	1420.000
581584.812	943326.083	1420.019
581589.771	943326.651	1420.000
581594.741	943327.088	1420.000
581599.741	943327.155	1420.000
581604.737	943327.256	1420.005
581609.548	943328.201	1419.970
581614.135	943330.117	1420.000
581618.551	943332.462	1420.000
581622.821	943335.063	1420.000
581627.089	943337.668	1420.000
581631.199	943340.514	1420.000
581635.172	943343.546	1420.000
581639.090	943346.653	1420.000
581643.031	943349.730	1420.000
581646.984	943352.791	1420.000
581650.930	943355.862	1420.000
581654.846	943358.970	1420.000
581658.747	943362.098	1420.000
581662.647	943365.227	1420.000
581666.547	943368.355	1420.000
581670.448	943371.483	1420.000
581674.349	943374.611	1420.000
581678.250	943377.739	1420.000
581682.151	943380.867	1420.000
581686.052	943383.994	1420.000
581689.954	943387.121	1420.000
581693.866	943390.234	1420.000
581697.784	943393.340	1420.000
581701.709	943396.437	1420.000
581705.635	943399.534	1420.000
581709.568	943402.621	1420.000
581713.512	943405.694	1420.000
581717.468	943408.752	1420.000
581721.424	943411.810	1420.000
581725.380	943414.869	1420.000
581729.325	943417.940	1420.000
581733.254	943421.033	1420.000
581737.164	943424.149	1420.000
581741.075	943427.264	1420.000
581744.964	943430.407	1420.000
581748.795	943433.618	1420.000
581752.519	943436.954	1420.000
581756.110	943440.433	1420.000
581759.700	943443.913	1420.000
581763.291	943447.393	1420.000
581766.989	943450.757	1420.000
581770.778	943454.019	1420.000
581774.647	943457.185	1420.000
581778.536	943460.328	1420.001
581782.427	943463.468	1420.000
581786.316	943466.611	1419.998
581790.208	943469.750	1420.000
581794.104	943472.884	1420.000
581798.001	943476.016	1420.000
581801.899	943479.148	1420.000
581805.796	943482.280	1420.000
581809.694	943485.412	1420.000
581813.591	943488.544	1420.000
581817.489	943491.676	1420.000
581821.386	943494.808	1420.000
581825.284	943497.940	1420.000
581829.218	943501.024	1420.000
581833.218	943504.025	1420.000
581837.289	943506.928	1420.000
581841.376	943509.808	1420.000
581845.469	943512.680	1420.000
581849.669	943515.387	1420.000
581854.016	943517.852	1420.000
581858.476	943520.113	1420.000
581862.936	943522.373	1420.000
581867.396	943524.633	1420.000
581871.968	943526.657	1420.000
581876.651	943528.404	1420.000
581881.359	943530.088	1420.000
581886.067	943531.772	1420.000
581890.789	943533.416	1420.000
581895.522	943535.028	1420.000
581900.255	943536.639	1420.000
581904.988	943538.250	1420.000
581909.678	943539.979	1420.000
581914.278	943541.934	1420.000
581918.817	943544.032	1420.000
581923.360	943546.121	1419.991
581927.874	943548.269	1419.996
581932.322	943550.553	1419.999
581936.640	943553.072	1420.021
581940.965	943555.581	1420.000
581945.282	943558.104	1420.000
581949.656	943560.522	1420.000
581954.133	943562.746	1420.000
581958.682	943564.821	1420.000
581963.212	943566.935	1420.056
581967.813	943568.891	1419.990
581972.380	943570.924	1419.997
581977.034	943572.752	1420.001
581981.687	943574.581	1420.000
581986.340	943576.411	1420.000
581990.997	943578.232	1420.000
581995.658	943580.042	1420.000
582000.320	943581.849	1420.000
582004.979	943583.663	1420.000
582009.694	943585.317	1420.000
582014.517	943586.622	1420.000
582019.394	943587.725	1420.000
582024.247	943588.929	1420.000
582029.117	943590.057	1420.001
582034.049	943590.848	1420.000
582039.027	943591.313	1420.000
582044.005	943591.778	1420.000
582048.983	943592.245	1419.993
582053.952	943592.796	1420.002
582058.920	943593.366	1420.000
582063.888	943593.934	1420.000
582068.854	943594.514	1420.000
582073.816	943595.126	1419.999
582078.778	943595.740	1420.000
582083.745	943596.318	1420.000
582088.712	943596.889	1420.000
582093.683	943597.429	1419.999
582098.658	943597.917	1420.006
582103.645	943598.282	1420.000
582108.635	943598.539	1420.000
582113.628	943598.348	1420.000
582118.555	943597.608	1420.009
582123.200	943595.759	1420.000
582127.854	943593.936	1420.000
582132.668	943592.590	1420.011
582137.354	943590.847	1420.000
582142.047	943589.120	1420.000
582146.745	943587.413	1420.004
582151.568	943586.095	1420.000
582156.499	943585.306	1420.000
582161.454	943584.635	1420.000
582166.249	943583.294	1419.942
582170.990	943581.710	1420.000
582175.826	943580.458	1420.000
582180.592	943578.986	1419.967
582185.169	943576.981	1420.000
582189.686	943574.836	1420.000
582194.219	943572.729	1419.998
582198.913	943571.009	1420.000
582203.619	943569.321	1420.000
582208.249	943567.476	1420.000
582212.337	943564.597	1420.000
582216.520	943561.858	1420.000
582220.635	943559.019	1419.988
582224.627	943556.009	1420.000
582228.639	943553.027	1420.000
582232.804	943550.265	1420.000
582237.194	943547.872	1420.000
582241.563	943545.440	1420.000
582245.770	943542.748	1419.996
582249.794	943539.779	1420.000
582253.829	943536.827	1420.000
582257.884	943533.901	1420.002
582261.810	943530.812	1420.002
582266.376	943528.951	1420.046
582271.322	943528.610	1420.012
582276.321	943528.513	1420.000
582281.320	943528.404	1420.000
582286.319	943528.295	1420.000
582291.314	943528.416	1420.030
582296.305	943528.684	1420.000
582301.292	943529.033	1420.000
582306.280	943529.382	1420.000
582311.266	943529.758	1420.002
582316.248	943530.175	1420.000
582321.229	943530.611	1420.000
582326.210	943531.047	1420.000
582331.163	943531.717	1419.997
582336.083	943532.607	1420.000
582340.994	943533.542	1420.000
582345.906	943534.476	1420.000
582350.877	943534.723	1420.000
582355.551	943533.280	1419.974
582359.769	943530.598	1420.000
582363.939	943527.839	1420.000
582367.902	943524.817	1420.000
582372.251	943522.349	1420.000
582377.204	943521.905	1420.000
582382.195	943521.752	1419.979
582387.127	943522.560	1420.005
582392.054	943523.408	1420.000
582396.977	943524.282	1420.000
582401.900	943525.158	1420.000
582406.822	943526.039	1419.999
582411.769	943526.757	1420.000
582416.742	943527.276	1420.000
582421.719	943527.752	1420.000
582426.697	943528.217	1420.000
582431.693	943528.221	1419.993
582436.665	943527.732	1420.000
582441.630	943527.140	1420.000
582446.595	943526.554	1419.992
582451.534	943525.781	1420.000
582456.400	943524.645	1420.000
582461.251	943523.433	1420.000
582466.169	943522.554	1420.001
582471.145	943522.093	1420.000
582476.141	943521.962	1420.000
582481.141	943521.952	1419.986
582486.124	943522.316	1420.000
582490.819	943523.886	1420.000
582495.007	943526.551	1420.000
582498.898	943529.690	1420.000
582502.746	943532.883	1420.000
582506.498	943536.188	1420.000
582510.860	943538.532	1420.000
582515.711	943539.208	1420.000
582520.701	943538.937	1419.984
582525.678	943538.472	1420.000
582530.659	943538.052	1420.000
582535.653	943537.811	1420.000
582540.645	943537.950	1420.005
582545.635	943538.255	1420.000
582550.597	943538.837	1420.000
582555.497	943539.814	1420.000
582560.388	943540.835	1420.017
582565.326	943541.586	1420.000
582570.223	943542.531	1420.000
582574.955	943544.111	1420.000
582579.591	943545.985	1420.000
582584.214	943547.884	1420.000
582588.706	943550.060	1420.004