581346.462	943512.405	1460.000
581350.640	943509.660	1459.994
581354.696	943506.738	1460.000
581358.657	943503.686	1460.000
581362.763	943500.848	1460.000
581367.211	943498.564	1460.000
581371.899	943496.832	1460.000
581376.738	943495.593	1460.007
581381.490	943494.040	1460.000
581386.231	943492.451	1460.000
581391.120	943491.455	1460.018
581395.039	943488.714	1459.995
581396.820	943484.062	1460.003
581398.369	943479.308	1459.999
581399.914	943474.553	1460.000
581401.753	943469.912	1460.000
581404.070	943465.492	1460.008
581406.814	943461.313	1460.000
581409.691	943457.223	1460.000
581412.577	943453.141	1460.001
581415.485	943449.073	1460.000
581418.469	943445.062	1460.000
581421.450	943441.049	1460.013
581424.144	943436.837	1460.000
581426.810	943432.607	1460.000
581431.210	943430.467	1459.986
581435.841	943431.568	1459.995
581440.336	943433.748	1460.000
581444.747	943436.102	1460.000
581449.074	943438.598	1460.000
581453.237	943441.366	1460.013
581457.489	943443.990	1460.000
581462.004	943446.137	1460.000
581466.477	943448.114	1459.996
581469.116	943445.274	1460.000
581470.298	943440.416	1460.000
581471.480	943435.558	1460.000
581473.243	943430.954	1460.000
581476.141	943426.882	1460.000
581479.283	943422.993	1460.000
581483.161	943419.927	1460.000
581487.719	943417.875	1460.000
581492.484	943416.360	1460.000
581497.422	943415.584	1460.000
581502.390	943415.016	1460.000
581507.358	943414.450	1460.000
581512.327	943413.898	1460.000
581517.261	943413.120	1460.014
581521.665	943410.779	1459.998
581525.396	943407.496	1460.000
581527.847	943403.138	1460.000
581530.442	943398.864	1460.000
581533.166	943394.684	1459.988
581537.147	943391.721	1460.000
581541.418	943389.121	1460.000
581545.676	943386.501	1459.985
581550.103	943384.181	1460.000
581554.471	943381.754	1460.000
581558.869	943379.414	1459.946
581563.777	943378.563	1460.000
581568.760	943378.235	1460.000
581573.750	943378.458	1460.000
581578.716	943379.031	1460.025
581583.707	943379.290	1460.000
581588.701	943379.513	1460.000
581593.675	943380.010	1460.000
581598.635	943380.612	1459.976
581603.611	943380.932	1460.000
581608.597	943380.875	1460.000
581613.518	943381.686	1460.000
581618.299	943383.150	1460.000
581623.085	943384.595	1460.003
581627.888	943385.984	1460.000
581632.623	943387.588	1460.000
581637.269	943389.438	1460.000
581641.914	943391.288	1460.000
581646.570	943393.109	1460.000
581651.182	943395.040	1460.000
581655.695	943397.173	1459.992
581660.073	943399.570	1460.005
581664.487	943401.911	1460.000
581668.778	943404.468	1460.000
581672.949	943407.223	1460.000
581677.097	943410.014	1460.000
581681.268	943412.772	1460.000
581685.531	943415.385	1460.000
581689.728	943418.100	1460.000
581693.829	943420.959	1460.000
581697.847	943423.934	1460.000
581701.865	943426.910	1460.000
581705.836	943429.947	1460.000
581709.832	943432.948	1460.000
581713.761	943436.038	1460.072
581717.875	943438.870	1459.977
581721.908	943441.808	1459.941
581725.804	943444.932	1460.006
581729.787	943447.944	1459.994
581733.732	943451.003	1460.000
581737.636	943454.113	1460.000
581741.565	943457.207	1460.000
581745.491	943460.299	1460.000
581749.392	943463.427	1460.000
581753.253	943466.603	1460.000
581757.099	943469.798	1460.000
581760.963	943472.971	1460.000
581764.860	943476.103	1460.000
581768.758	943479.236	1460.000
581772.655	943482.368	1460.000
581776.553	943485.500	1460.000
581780.450	943488.632	1460.000
581784.348	943491.764	1460.000
581788.245	943494.896	1460.000
581792.143	943498.028	1460.000
581796.040	943501.160	1460.000
581799.938	943504.292	1460.000
581803.835	943507.424	1460.000
581807.733	943510.556	1460.000
581811.630	943513.688	1460.000
581815.527	943516.820	1460.000
581819.425	943519.952	1460.000
581823.322	943523.084	1460.000
581827.220	943526.216	1460.000
581831.232	943529.199	1460.005
581835.349	943532.036	1460.000
581839.512	943534.805	1460.000
581843.679	943537.568	1460.000
581847.865	943540.299	1460.000
581852.271	943542.664	1460.000
581856.885	943544.586	1460.000
581861.511	943546.484	1460.000
581866.150	943548.346	1460.000
581870.803	943550.177	1459.996
581875.515	943551.848	1460.000
581880.248	943553.460	1460.000
581884.981	943555.072	1460.000
581889.708	943556.702	1460.000
581894.421	943558.370	1460.000
581899.131	943560.047	1459.999
581903.845	943561.716	1460.000
581908.531	943563.449	1460.000
581913.064	943565.554	1460.000
581917.441	943567.971	1460.000
581921.841	943570.345	1460.000
581926.244	943572.715	1460.000
581930.741	943574.898	1460.000
581935.314	943576.916	1459.996
581939.897	943578.912	1459.997
581944.470	943580.933	1460.000
581949.045	943582.950	1460.000
581953.665	943584.862	1460.000
581958.320	943586.686	1460.000
581962.819	943588.843	1460.000
581967.191	943591.269	1460.000
581971.448	943593.826	1460.000
581975.511	943596.714	1459.981
581979.609	943599.553	1459.962
581983.763	943602.325	1460.000
581987.828	943605.212	1460.000
581992.241	943607.562	1460.004
581997.025	943609.008	1460.000
582001.821	943610.419	1460.000
582006.618	943611.829	1460.000
582011.447	943613.118	1460.000
582016.305	943614.301	1460.001
582021.165	943615.476	1460.000
582026.024	943616.655	1460.000
582030.909	943617.718	1460.000
582035.827	943618.616	1460.000
582040.766	943619.397	1459.992
582045.709	943620.146	1460.000
582050.645	943620.943	1460.000
582055.561	943621.852	1460.000
582060.470	943622.804	1460.000
582065.397	943623.648	1459.994
582070.322	943624.508	1460.000
582075.229	943625.468	1460.000
582080.124	943626.485	1460.000
582085.020	943627.501	1460.000
582089.932	943628.423	1460.000
582094.873	943629.185	1460.000
582099.819	943629.918	1460.000
582104.765	943630.652	1460.000
582109.735	943631.105	1460.001
582114.729	943631.016	1460.000
582119.719	943630.692	1460.000
582124.708	943630.368	1460.000
582129.693	943629.981	1460.000
582134.676	943629.574	1460.000
582139.665	943629.247	1460.000
582144.654	943628.921	1460.000
582149.641	943628.570	1460.011
582154.618	943628.111	1460.000
582159.600	943627.682	1460.000
582164.580	943627.233	1459.998
582169.456	943626.277	1460.000
582174.102	943624.457	1460.000
582178.590	943622.254	1460.006
582183.172	943620.261	1460.000
582187.861	943618.528	1460.000
582192.394	943616.419	1460.000
582196.749	943613.964	1460.001
582201.080	943611.466	1460.000
582205.376	943608.907	1460.000
582209.787	943606.565	1460.000
582214.309	943604.433	1460.000
582218.819	943602.274	1460.001
582223.342	943600.142	1460.000
582227.882	943598.048	1460.000
582232.450	943596.015	1460.000
582236.965	943593.869	1459.992
582241.371	943591.506	1460.000
582245.726	943589.050	1460.000
582250.125	943586.677	1460.000
582254.616	943584.498	1460.000
582259.244	943582.604	1460.000
582263.864	943580.692	1460.000
582268.477	943578.765	1460.000
582273.097	943576.853	1460.000
582277.726	943574.962	1460.000
582282.464	943573.369	1460.001
582287.422	943572.727	1460.000
582292.190	943571.229	1459.994
582296.946	943569.689	1460.000
582301.698	943568.133	1460.000
582306.461	943566.614	1459.934
582311.441	943566.571	1460.000
582316.413	943567.075	1460.000
582321.376	943567.681	1460.000
582326.334	943568.324	1460.000
582331.263	943569.161	1459.996
582336.075	943570.498	1460.000
582340.854	943571.968	1460.000
582345.623	943573.468	1460.000
582350.528	943574.188	1460.000
582355.420	943573.473	1459.997
582360.227	943572.099	1460.000
582365.033	943570.719	1460.000
582369.838	943569.338	1460.007
582374.491	943567.531	1460.000
582379.146	943565.705	1460.000
582383.812	943563.910	1459.987
582388.604	943562.601	1460.000
582393.571	943562.641	1460.000
582398.448	943563.747	1460.000
582403.328	943564.833	1460.001
582408.221	943565.863	1460.000
582413.107	943566.920	1460.000
582417.949	943568.166	1460.000
582422.771	943569.488	1460.000
582427.597	943570.790	1460.001
582432.588	943571.072	1460.000
582437.586	943570.915	1460.000
582442.583	943570.757	1460.000
582447.579	943570.587	1460.000
582452.491	943569.652	1460.000
582457.266	943568.170	1460.000
582462.040	943566.683	1460.000
582466.822	943565.221	1460.000
582471.789	943565.164	1460.000
582476.537	943566.637	1460.000
582481.232	943568.356	1460.000
582485.916	943570.105	1460.000
582490.511	943572.064	1460.005
582494.854	943574.525	1459.995
582499.153	943577.077	1460.000
582503.412	943579.694	1460.000
582507.689	943582.278	1460.000
582512.363	943584.052	1460.000
582517.304	943584.799	1460.000
582522.252	943585.514	1460.000
582527.216	943586.104	1460.006
582532.211	943586.306	1460.000
582537.209	943586.436	1460.000
582542.208	943586.562	1460.000
582547.206	943586.644	1460.005
582552.097	943587.650	1460.002
582556.625	943589.745	1460.000
582561.121	943591.933	1460.000
582565.612	943594.130	1460.006
582570.189	943596.143	1460.000
582574.792	943598.094	1460.000
582579.398	943600.040	1460.000
582584.015	943601.958	1459.999
582583.767	943605.762	1459.979
582581.574	943610.243	1460.000
582579.162	943614.624	1460.000
582576.508	943618.841	1460.000
582573.367	943622.731	1460.000
582570.192	943626.594	1460.000
582566.629	943630.077	1460.000
582562.681	943633.145	1460.000
582558.712	943636.185	1460.000
582554.703	943639.173	1460.000
582550.679	943642.141	1460.000
582546.780	943645.253	1460.008
582544.540	943649.644	1460.000
582542.893	943654.365	1460.000
582541.232	943659.079	1459.987
582539.845	943663.879	1460.000
582538.751	943668.757	1460.000
582537.781	943673.662	1460.000
582536.909	943678.585	1460.000
582536.036	943683.508	1460.000
582535.169	943688.433	1460.000
582534.248	943693.345	1459.987
582532.522	943698.031	1460.000
582530.491	943702.600	1460.000
582528.459	943707.169	1460.000
582525.412	943711.111	1460.000
582521.948	943714.707	1460.000
582518.299	943718.122	1459.975
582513.927	943720.538	1460.000
582509.554	943722.962	1460.000
582505.206	943725.431	1459.997
582500.769	943727.734	1460.000
582496.300	943729.978	1460.000
582491.835	943732.228	1460.001
582487.400	943734.536	1460.000
582482.979	943736.872	1460.000
582478.540	943739.173	1459.996
582474.026	943741.324	1460.000
582469.581	943743.609	1460.000
582465.176	943745.973	1459.997
582460.674	943748.149	1460.000
582456.170	943750.321	1460.000
582451.725	943752.596	1460.000
582447.546	943755.340	1460.000
582443.750	943758.593	1460.000
582439.878	943761.755	1460.001
582435.854	943764.723	1460.000
582431.808	943767.659	1460.015
582427.409	943769.984	1460.000
582422.550	943771.166	1460.000
582417.692	943772.347	1460.000
582412.838	943773.545	1459.998
582407.943	943774.566	1460.000
582403.021	943775.447	1459.999
582398.087	943776.253	1460.000
582393.151	943777.049	1460.000
582388.176	943777.541	1460.000
582383.191	943777.918	1460.032
582378.539	943779.691	1460.008
582374.338	943782.391	1460.000
582370.256	943785.275	1459.999
582366.218	943788.223	1460.000
582362.173	943791.163	1460.000
582358.123	943794.095	1460.000
582354.074	943797.028	1460.000
582350.025	943799.961	1460.000
582345.970	943802.887	1459.999
582341.929	943805.831	1460.000
582337.906	943808.800	1459.998
582333.874	943811.757	1460.000
582330.089	943815.017	1460.001
582327.153	943818.984	1460.000
582325.198	943823.586	1460.000
582323.300	943828.210	1460.000
582321.687	943832.942	1460.000
582320.315	943837.744	1460.003
582317.184	943841.549	1460.000
582313.015	943844.308	1460.000
582309.239	943847.577	1459.999
582305.454	943850.837	1460.000
582301.755	943854.201	1460.000
582298.044	943857.550	1459.997
582293.368	943859.271	1460.000
582288.747	943861.175	1460.000
582284.282	943863.418	1460.003
582279.937	943865.890	1460.000
582275.625	943868.422	1460.000
582271.407	943871.098	1459.996
582267.331	943873.992	1460.000
582263.557	943877.272	1460.000
582259.637	943880.369	1460.014
582255.411	943883.039	1460.000
582251.062	943885.501	1460.000
582246.577	943887.706	1460.000
582241.991	943889.700	1460.000
582237.406	943891.693	1460.000
582232.831	943893.711	1459.999
582228.202	943895.601	1460.000
582223.545	943897.421	1460.000
582219.102	943899.663	1460.024
582215.738	943903.345	1460.000
582212.599	943907.238	1460.000
582209.936	943911.453	1459.999
582209.799	943916.305	1460.000
582210.315	943921.278	1460.000
582210.832	943926.252	1460.000
582210.770	943931.235	1459.984
582210.277	943936.211	1460.000
582209.810	943941.189	1460.000
582209.342	943946.167	1460.000
582209.117	943951.145	1459.970
582207.652	943955.882	1460.000
582205.081	943960.163	1460.000
582203.528	943964.717	1460.013
582202.544	943969.475	1460.000
582199.884	943973.627	1460.000
582196.085	943976.840	1459.972
582191.616	943979.048	1460.000
582187.499	943981.884	1460.000
582183.345	943984.653	1459.992
582178.836	943986.810	1460.000
582174.270	943988.848	1460.000
582169.578	943990.554	1459.985
582164.793	943991.998	1460.000
582159.946	943993.220	1460.000
582155.082	943994.380	1460.000
582150.185	943995.371	1459.998
582145.253	943996.187	1459.992
582140.343	943997.107	1460.000
582135.470	943998.229	1460.000
582130.557	943999.103	1460.004
582125.572	943999.413	1459.980
582120.607	943999.025	1459.968
582115.781	943997.726	1460.000
582110.931	943996.606	1460.011
582105.971	943996.034	1460.065
582101.158	943994.890	1460.000
582096.595	943992.844	1460.000
582091.980	943990.956	1459.994
582087.053	943990.132	1460.000
582082.056	943989.964	1460.000
582077.059	943989.795	1460.000
582072.062	943989.643	1460.002
582067.064	943989.651	1460.000
582062.079	943989.258	1460.000
582057.095	943988.865	1460.000
582052.110	943988.470	1459.997
582047.135	943987.980	1460.000
582042.160	943987.475	1460.000
582037.177	943987.067	1460.000
582032.194	943986.659	1460.000
582027.210	943986.255	1460.005
582022.213	943986.137	1460.000
582017.213	943986.116	1460.000
582012.220	943986.035	1460.000
582007.339	943984.950	1459.999
582002.742	943983.084	1460.032
581997.769	943982.696	1460.000
581992.779	943982.387	1460.000
581988.206	943980.409	1460.000
581984.285	943977.347	1460.000
581980.479	943974.104	1460.000
581976.762	943970.762	1460.000
581973.144	943967.312	1460.000
581970.299	943963.215	1460.000
581967.588	943959.015	1460.000
581965.362	943954.538	1460.000
581963.470	943949.921	1460.000
581962.165	943945.106	1460.000
581961.017	943940.245	1460.008
581959.715	943935.419	1460.000
581958.600	943930.558	1460.012
581958.947	943925.813	1460.000
581960.631	943921.227	1459.897
581961.747	943917.228	1460.010
581957.170	943915.241	1460.000
581952.585	943913.246	1460.000
581948.922	943909.859	1460.003
581946.116	943905.759	1460.000
581943.717	943901.374	1460.027
581939.931	943898.284	1459.999
581935.317	943896.362	1460.000
581930.630	943894.625	1460.000
581925.860	943893.131	1460.000
581921.046	943891.783	1460.000
581916.236	943890.415	1460.000
581911.444	943888.994	1459.970
581907.010	943886.698	1460.041
581902.670	943884.504	1460.004
581898.054	943882.622	1460.000
581893.398	943880.817	1460.000
581890.797	943876.808	1460.000
581888.782	943872.252	1459.988
581889.058	943867.285	1460.000
581890.664	943862.550	1460.000
581892.271	943857.815	1460.000
581893.391	943852.997	1460.167
581891.682	943848.311	1459.822
581890.689	943843.458	1460.078
581886.974	943840.457	1460.000
581882.036	943839.679	1459.996
581877.076	943839.075	1459.999
581872.087	943838.800	1460.000
581867.178	943837.867	1460.000
581862.425	943836.315	1460.000
581857.672	943834.763	1460.000
581852.889	943833.334	1460.024
581848.034	943832.142	1459.984
581843.362	943830.363	1460.000
581838.696	943828.567	1460.000
581834.092	943826.626	1460.000
581829.501	943824.651	1460.000
581824.817	943822.913	1459.999
581820.147	943821.144	1459.997
581815.505	943819.293	1460.000
581810.760	943818.163	1460.000
581805.987	943819.237	1460.000
581801.612	943821.656	1459.993
581797.128	943823.868	1460.000
581792.636	943826.066	1460.000
581788.094	943828.151	1459.961
581783.165	943828.981	1460.000
581778.226	943829.756	1460.000
581773.286	943830.531	1460.000
581768.555	943832.108	1460.001
581764.154	943834.452	1460.000
581759.839	943836.977	1460.000
581755.391	943839.252	1460.000
581750.882	943841.410	1460.000
581746.490	943843.790	1459.965
581742.451	943846.724	1460.000
581738.774	943850.112	1460.000
581735.128	943853.534	1460.000
581731.518	943856.993	1460.000
581727.833	943860.372	1460.000
581723.989	943863.567	1459.978
581719.735	943866.188	1460.000
581715.458	943868.777	1460.000
581711.118	943871.235	1460.001
581706.492	943873.117	1460.000
581701.707	943874.566	1460.000
581696.952	943876.094	1460.025
581693.048	943879.177	1460.000
581689.102	943882.242	1460.000
581684.996	943885.091	1460.000
581681.165	943888.295	1460.000
581677.611	943891.811	1460.000
581673.622	943894.746	1459.986
581668.787	943894.319	1460.000
581664.338	943892.148	1460.000
581660.226	943889.303	1460.000
581656.235	943886.303	1460.000
581652.459	943883.027	1460.000
581649.206	943879.230	1460.000
581646.162	943875.273	1460.000
581643.492	943871.052	1460.000
581641.211	943866.608	1460.000
581639.369	943861.960	1460.004
581637.494	943857.327	1460.000
581635.920	943852.584	1460.001
581634.794	943847.713	1460.000
581634.158	943842.755	1460.000
581633.545	943837.793	1460.000
581632.892	943832.839	1460.012
581630.612	943828.756	1460.073
581625.737	943828.392	1459.999
581620.795	943829.150	1459.998
581615.854	943829.922	1460.000
581610.911	943830.672	1460.003
581605.958	943831.352	1460.000
581600.998	943831.983	1460.000
581596.037	943832.609	1459.999
581591.115	943833.430	1460.000
581586.303	943834.785	1460.000
581581.554	943836.349	1460.000
581576.796	943837.883	1460.000
581572.004	943839.306	1460.000
581567.305	943841.014	1460.000
581562.712	943842.989	1459.999
581558.074	943844.859	1460.000
581553.436	943846.726	1460.000
581548.831	943848.672	1460.013
581544.430	943851.043	1460.000
581540.069	943853.488	1460.000
581535.713	943855.942	1460.001
581531.197	943857.841	1460.000
581526.321	943857.507	1460.000
581521.774	943855.426	1460.000
581517.220	943853.364	1459.992
581512.717	943851.195	1460.000
581508.231	943848.989	1460.007
581503.904	943846.487	1460.000
581499.586	943843.966	1460.001
581494.945	943842.416	1460.000
581489.985	943842.519	1460.000
581485.016	943843.025	1460.000
581480.088	943843.763	1460.000
581475.217	943844.890	1460.000
581470.289	943845.464	1460.000
581465.383	943844.759	1460.002
581460.588	943843.345	1460.000
581455.809	943841.874	1460.000
581451.040	943840.372	1460.000
581446.301	943838.777	1460.000
581441.587	943837.112	1460.000
581436.861	943835.482	1460.004
581432.080	943834.040	1460.000
581427.132	943833.346	1460.005
581422.136	943833.513	1460.001
581417.142	943833.754	1460.000
581412.150	943834.033	1460.000
581407.179	943834.561	1459.999
581402.291	943835.586	1460.001
581397.850	943837.878	1460.000
581393.459	943840.269	1459.999
581389.145	943842.795	1460.001
581385.097	943845.708	1460.002
581381.793	943849.425	1460.000
581379.132	943853.633	1460.000
581377.182	943858.237	1460.001
581375.182	943862.819	1460.000
581373.049	943867.341	1460.001
581372.104	943872.238	1459.990
581374.762	943876.321	1460.001
581378.094	943880.046	1460.000
581381.611	943883.599	1460.000
581385.123	943887.158	1460.000
581389.798	943888.771	1460.007
581394.551	943890.273	1460.000
581399.406	943891.466	1460.000
581404.274	943892.599	1460.000
581409.098	943893.765	1460.000
581413.672	943895.782	1459.937
581417.643	943898.787	1460.012
581421.829	943901.440	1460.066
581426.346	943903.468	1459.910
581430.412	943906.359	1460.000
581434.159	943909.616	1460.000
581437.470	943913.346	1459.998
581440.414	943917.387	1460.000
581443.348	943921.405	1460.000
581446.446	943925.298	1460.012
581448.739	943929.734	1460.005
581450.128	943934.489	1460.000
581450.722	943939.453	1460.000
581451.316	943944.418	1460.000
581452.137	943949.341	1460.002
581453.133	943954.230	1459.981
581453.777	943959.174	1460.000
581454.299	943964.146	1460.000
581455.049	943969.078	1460.000
581456.396	943973.889	1460.016
581458.237	943978.533	1459.986
581459.768	943983.289	1460.000
581461.127	943988.089	1460.000
581461.450	943993.066	1460.000
581460.770	943998.019	1459.995
581459.772	944002.914	1460.004
581458.731	944007.787	1459.957
581454.817	944008.708	1459.977
581450.070	944007.409	1459.999
581445.360	944006.217	1460.022
581440.378	944006.348	1460.003
581435.396	944006.391	1460.006
581430.420	944006.351	1460.001
581425.453	944006.923	1460.000
581420.493	944007.549	1460.000
581415.533	944008.179	1460.000
581410.593	944008.935	1459.999
581405.686	944009.898	1460.000
581400.784	944010.881	1460.000
581395.887	944011.888	1459.996
581391.049	944013.090	1460.000
581386.369	944014.849	1460.000
581381.689	944016.610	1459.999
581376.963	944018.237	1460.000
581372.153	944019.598	1460.000
581367.438	944021.264	1460.000
581362.726	944022.935	1460.000
581358.015	944024.610	1460.000
581353.304	944026.286	1460.000
581348.695	944028.216	1460.017
581344.693	944031.195	1460.000
581340.912	944034.463	1460.000
581337.251	944037.868	1460.000
581333.761	944041.449	1460.000
581330.385	944045.134	1460.000
581327.062	944048.871	1460.000
581323.721	944052.591	1460.000
581320.359	944056.291	1459.999
581316.522	944059.451	1460.000
581312.259	944062.055	1460.000
581308.337	944065.152	1460.001
581303.600	944066.255	1460.076
581298.623	944066.527	1460.000
581293.623	944066.586	1460.000
581288.625	944066.705	1460.000
581283.629	944066.905	1459.998
581278.634	944067.128	1460.000
581273.639	944067.357	1460.000
581268.658	944067.783	1460.000
581263.680	944068.249	1460.007
581259.037	944069.698	1460.041
581257.039	944074.100	1460.000
581256.681	944079.087	1460.000
581256.267	944084.069	1459.993
581255.780	944089.043	1459.993
581255.708	944094.026	1459.997
581256.245	944098.997	1460.000
581256.835	944103.962	1460.000
581257.374	944108.931	1460.002
581257.398	944113.882	1460.009
581254.474	944117.389	1460.005
581249.916	944119.360	1460.000
581245.514	944121.730	1459.999
581240.913	944123.649	1460.000
581236.130	944125.108	1460.000
581231.417	944126.741	1460.000
581226.922	944128.931	1460.000
581222.456	944131.181	1460.000
581217.944	944133.331	1460.000
581213.324	944135.241	1460.001
581208.421	944136.098	1460.004
581203.469	944136.790	1460.002
581198.526	944137.545	1460.005
581194.889	944140.678	1459.985
581194.564	944145.585	1460.000
581194.918	944150.572	1460.000
581195.127	944155.567	1460.001
581195.336	944160.562	1460.000
581195.591	944165.556	1460.000
581195.670	944170.553	1459.997
581194.581	944175.358	1460.012
581192.453	944179.878	1460.000
581190.445	944184.456	1460.006
581187.955	944188.744	1459.979
581183.901	944191.664	1460.000
581179.838	944194.578	1460.000
581175.773	944197.489	1460.000
581171.640	944200.301	1460.001
581167.502	944203.089	1460.000
581164.013	944206.656	1459.987
581165.807	944210.506	1460.001
581169.053	944214.309	1460.000
581172.372	944218.048	1460.000
581175.783	944221.704	1460.000
581179.198	944225.356	1460.000
581182.537	944229.076	1460.000
581185.638	944232.971	1460.000
581187.594	944237.573	1460.000
581189.544	944242.177	1460.000
581191.496	944246.780	1460.000
581193.301	944251.440	1460.005
581194.587	944256.260	1460.007
581192.963	944260.601	1460.000
581190.248	944264.799	1460.000
581187.593	944269.036	1460.000
581185.150	944273.389	1460.000
581183.213	944277.999	1460.001
581181.460	944282.680	1460.000
581180.112	944287.494	1460.000
581178.839	944292.330	1460.000
581178.006	944297.259	1459.999
581177.634	944302.243	1459.998
581177.316	944307.233	1460.000
581176.912	944312.217	1460.001
581176.240	944317.170	1460.003
581175.947	944322.161	1460.000
581175.669	944327.153	1460.000
581175.120	944332.122	1460.000
581172.923	944336.579	1460.010
581169.836	944340.501	1460.000
581166.608	944344.318	1460.002
581163.190	944347.965	1460.000
581159.553	944351.396	1460.000
581155.671	944354.534	1459.993
581151.820	944357.715	1460.000
581147.684	944360.525	1460.000
581143.593	944363.399	1460.006
581139.760	944366.608	1460.000
581135.944	944369.839	1460.000
581132.217	944373.169	1460.000
581128.741	944376.763	1460.000
581125.264	944380.356	1460.000
581121.792	944383.954	1460.000
581118.328	944387.559	1460.000
581114.863	944391.164	1460.000
581110.966	944394.041	1460.000
581106.138	944395.340	1460.000
581101.319	944396.666	1460.005
581097.188	944399.163	1460.000
581094.666	944403.481	1460.000
581091.941	944406.763	1460.001
581087.993	944403.696	1460.001
581084.091	944400.572	1459.999
581080.223	944397.411	1460.000
581076.284	944394.333	1459.996
581072.606	944390.954	1460.000
581067.659	944390.991	1460.001
581062.660	944390.915	1460.000
581057.661	944390.827	1460.000
581052.661	944390.768	1460.000
581049.517	944394.564	1460.000
581046.668	944398.673	1460.000
581043.801	944402.766	1459.997
581040.098	944406.078	1460.002
581037.753	944410.441	1459.998
581037.076	944415.350	1460.001
581037.312	944420.336	1460.000
581037.850	944425.307	1460.001
581038.921	944430.174	1460.000
581041.034	944434.643	1460.002
581043.890	944438.746	1459.994
581046.635	944442.914	1460.016
581049.433	944447.036	1460.001
581051.810	944451.362	1459.978
581050.790	944455.619	1460.000
581048.122	944459.848	1460.000
581045.993	944464.324	1459.987
581045.063	944469.201	1460.000
581044.207	944474.075	1460.000
581042.421	944478.744	1459.999
581041.160	944483.571	1460.000
581040.400	944488.512	1460.000
581039.365	944493.395	1460.001
581037.898	944498.170	1460.006
581037.270	944503.130	1460.000
581036.613	944508.084	1460.002
581035.363	944512.884	1460.001
581032.180	944516.733	1460.000
581029.221	944520.764	1460.000
581026.249	944524.785	1460.000
581023.188	944528.737	1460.000
581020.023	944532.606	1460.000
581016.327	944535.969	1459.984
581012.068	944538.579	1460.000
581007.618	944540.859	1460.000
581003.050	944542.886	1459.983
580998.111	944543.632	1460.000
580993.156	944544.306	1460.000
580988.171	944544.658	1460.000
580983.195	944545.151	1459.999
580978.245	944545.852	1460.000
580973.298	944546.578	1460.000
580968.314	944546.946	1459.998
580963.408	944547.856	1460.000
580958.526	944548.938	1460.000
580953.645	944550.021	1460.000
580948.761	944551.071	1460.021
580943.833	944551.902	1460.000
580938.885	944552.621	1460.000
580933.916	944553.179	1459.993
580928.947	944553.724	1460.000
580923.982	944554.311	1460.000
580919.015	944554.889	1460.000
580914.038	944555.360	1460.003
580909.197	944556.508	1459.992
580904.389	944557.874	1460.002
580899.552	944559.138	1460.003
580894.728	944560.452	1459.999
580890.004	944562.071	1460.000
580885.706	944564.554	1459.958
580883.836	944568.521	1460.000
580886.203	944572.926	1460.000
580888.565	944577.333	1460.000
580890.927	944581.739	1460.000
580893.289	944586.146	1460.000
580895.671	944590.543	1459.999
580897.857	944595.033	1460.000
580899.961	944599.567	1460.001
580902.066	944604.101	1460.000
580904.237	944608.602	1460.000
580906.042	944613.240	1460.000
580906.742	944618.191	1460.001
580907.441	944623.142	1460.000
580908.080	944628.100	1459.995
580908.296	944633.086	1460.000
580907.709	944638.052	1460.000
580906.947	944642.973	1460.041
580904.925	944647.439	1460.000
580900.802	944650.261	1460.000
580896.660	944653.062	1459.946
580893.111	944656.468	1459.948
580889.484	944659.871	1460.000
580885.562	944662.965	1460.005
580881.126	944665.228	1460.000
580876.448	944666.994	1460.000
580871.707	944668.562	1460.016
580866.840	944669.682	1460.000
580861.881	944670.316	1460.000
580856.923	944670.965	1460.003
580852.013	944671.582	1459.998
580847.241	944670.091	1460.000
580842.487	944668.541	1460.000
580837.733	944666.993	1460.000
580832.977	944665.448	1460.000
580828.350	944663.559	1460.005
580824.393	944660.561	1460.000
580820.588	944657.320	1460.000
580816.809	944654.047	1460.010
580812.937	944650.888	1460.003
580808.730	944648.189	1459.996
580804.511	944645.506	1460.004
580800.274	944642.850	1460.000
580796.052	944640.172	1460.000
580791.878	944637.426	1460.000
580787.959	944634.322	1460.000
580784.383	944630.874	1460.000
580781.328	944626.917	1460.000
580778.492	944622.799	1460.000
580775.657	944618.682	1460.000
580772.807	944614.578	1460.002
580770.274	944610.268	1460.002
580769.753	944605.969	1460.003
580772.697	944601.933	1460.000
580776.050	944598.224	1460.000
580779.397	944594.511	1460.000
580782.709	944590.765	1460.000
580785.962	944586.968	1460.005
580788.861	944582.897	1460.001
580791.617	944578.725	1460.000
580794.285	944574.497	1460.002
580796.800	944570.176	1460.000
580799.242	944565.813	1460.000
580801.656	944561.434	1460.005
580803.906	944556.969	1460.000
580806.120	944552.486	1460.000
580808.251	944547.963	1460.008
580810.035	944543.293	1460.000
580811.766	944538.602	1460.000
580813.418	944533.883	1460.027
580814.781	944529.075	1460.002
580816.195	944524.279	1460.000
580817.637	944519.491	1459.999
580819.292	944514.775	1459.999
580820.655	944509.982	1460.000
580821.537	944505.062	1460.000
580822.622	944500.192	1460.000
580824.264	944495.470	1460.000
580825.665	944490.689	1460.000
580826.480	944485.756	1459.999
580827.196	944480.808	1460.000
580827.920	944475.860	1460.000
580828.677	944470.918	1460.000
580829.514	944465.989	1460.000
580830.378	944461.064	1460.000
580831.242	944456.139	1460.000
580832.245	944451.247	1459.999
580833.524	944446.414	1460.000
580834.844	944441.591	1460.000
580836.176	944436.772	1459.995
580837.641	944431.992	1460.000
580838.911	944427.156	1460.000
580840.140	944422.310	1459.999
580842.028	944417.686	1460.010
580844.447	944413.312	1460.000
580846.328	944408.690	1460.000
580848.176	944404.045	1459.999
580850.158	944399.454	1460.000
580852.153	944394.869	1460.000
580854.246	944390.330	1460.000
580856.470	944385.853	1460.000
580858.714	944381.384	1459.999
580860.949	944376.912	1460.000
580863.174	944372.434	1460.000
580865.551	944368.035	1460.000
580867.555	944363.460	1460.000
580869.230	944358.748	1460.000
580870.887	944354.031	1460.000
580871.582	944349.138	1459.962
580871.552	944344.149	1459.993
580871.329	944339.154	1460.000
580871.084	944334.160	1460.000
580871.448	944329.193	1460.013
580872.333	944324.275	1460.000
580873.272	944319.364	1460.000
580874.267	944314.465	1459.986
580875.685	944309.674	1460.002
580877.307	944304.945	1460.000
580878.999	944300.240	1460.004
580880.928	944295.630	1459.998
580882.978	944291.070	1460.000
580884.976	944286.488	1460.001
580887.539	944282.202	1460.000
580890.534	944278.198	1460.000
580893.266	944274.032	1459.992
580895.468	944269.545	1460.002
580897.577	944265.012	1460.000
580899.749	944260.509	1460.010
580902.309	944256.218	1459.999
580905.087	944252.063	1460.000
580907.512	944247.691	1459.999
580910.543	944243.715	1460.003
580913.359	944239.609	1460.000
580915.725	944235.205	1459.997
580917.990	944230.761	1460.000
580919.807	944226.103	1460.000
580921.436	944221.378	1460.035
580922.507	944216.495	1460.000
580923.435	944211.582	1460.000
580924.424	944206.681	1460.007
580925.619	944201.827	1459.999
580927.051	944197.036	1460.000
580928.497	944192.250	1460.007
580929.821	944187.431	1460.000
580931.519	944182.728	1460.001
580933.177	944178.012	1460.000
580934.948	944173.339	1459.999
580937.195	944168.874	1460.002
580939.535	944164.456	1460.000
580941.984	944160.099	1459.999
580944.698	944155.899	1460.000
580947.293	944151.643	1460.000
580949.232	944147.034	1460.000
580951.154	944142.418	1460.000
580953.064	944137.798	1460.000
580955.034	944133.204	1460.000
580956.969	944128.594	1460.002
580958.832	944123.954	1460.000
580960.845	944119.380	1460.013
580963.161	944114.951	1460.000
580965.588	944110.579	1460.000
580968.017	944106.209	1460.000
580970.446	944101.838	1460.000
580972.874	944097.467	1460.000
580975.302	944093.097	1460.000
580977.470	944088.592	1460.000
580979.544	944084.043	1460.000
580981.745	944079.556	1460.003
580984.199	944075.200	1460.000
580986.240	944070.682	1460.000
580987.290	944065.803	1460.002
580987.830	944060.833	1460.000
580988.317	944055.857	1460.000
580988.719	944050.875	1459.977
580988.849	944045.887	1459.995
580988.566	944040.896	1460.000
580988.213	944035.908	1460.000
580987.861	944030.921	1460.000
580987.510	944025.933	1460.000
580987.160	944020.945	1460.000
580986.811	944015.957	1460.000
580986.368	944010.979	1460.000
580985.695	944006.025	1460.000
580985.007	944001.072	1460.000
580984.470	943996.102	1459.988
580984.280	943991.109	1460.000
580984.564	943986.131	1460.029
580985.788	943981.311	1460.000
580987.730	943976.703	1460.000
580989.680	943972.101	1459.999
580991.202	943967.339	1460.000
580992.267	943962.454	1460.000
580993.361	943957.575	1460.000
580994.401	943952.685	1460.001
580995.006	943947.722	1460.000
580995.288	943942.730	1460.000
580995.556	943937.737	1460.000
580995.991	943932.757	1460.002
580997.255	943927.924	1460.000
580999.186	943923.316	1460.000
581001.793	943919.076	1460.021
581005.092	943915.323	1460.000
581008.497	943911.663	1460.005
581012.087	943908.183	1460.003
581015.822	943904.860	1460.000
581019.594	943901.578	1460.002
581023.434	943898.377	1460.000
581027.314	943895.223	1460.000
581030.799	943891.644	1460.026
581033.315	943887.340	1460.000
581035.302	943882.752	1460.000
581037.289	943878.164	1460.000
581039.381	943873.622	1460.000
581041.429	943869.061	1460.000
581043.426	943864.477	1459.995
581045.613	943859.982	1460.000
581047.856	943855.514	1460.000
581050.013	943851.003	1460.000
581052.177	943846.496	1460.000
581054.180	943841.915	1460.000
581056.188	943837.337	1459.996
581058.796	943833.075	1460.000
581061.340	943828.772	1460.000
581063.398	943824.227	1460.004
581065.112	943819.531	1460.000
581066.789	943814.820	1460.000
581068.437	943810.099	1460.000
581068.807	943805.422	1460.076
581064.580	943803.200	1459.976
581059.631	943802.586	1460.000
581054.648	943802.167	1460.000
581049.672	943801.681	1460.000
581044.710	943801.068	1460.000
581039.766	943800.331	1460.004
581034.830	943799.535	1460.000
581029.963	943798.419	1460.000
581025.233	943796.818	1460.000
581020.587	943794.971	1460.000
581015.927	943793.165	1459.985
581011.459	943790.951	1460.035
581007.555	943787.843	1460.004
581004.396	943783.983	1460.041
581001.391	943780.001	1460.000
580998.449	943775.971	1460.000
580995.498	943771.955	1460.000
580993.168	943767.532	1460.000
580990.420	943763.396	1460.000
580987.265	943759.536	1460.000
580983.078	943756.803	1460.000
580978.891	943754.069	1460.000
580974.829	943751.178	1460.001
580971.138	943747.851	1460.009
580967.807	943744.127	1459.998
580964.943	943740.038	1460.002
580961.386	943736.607	1459.982
580957.170	943733.926	1460.000
580955.269	943730.188	1459.951
580960.227	943729.933	1460.016
580965.113	943730.695	1460.000
580969.907	943732.115	1460.000
580974.689	943733.394	1460.000
580979.586	943734.401	1460.009
580984.482	943735.409	1460.000
580989.428	943736.038	1460.004
580994.425	943736.022	1460.000
580999.419	943735.784	1460.000
581004.413	943735.530	1460.002
581009.318	943734.775	1460.000
581013.828	943732.771	1460.009
581017.512	943729.391	1460.000
581021.207	943726.022	1460.000
581024.563	943722.348	1460.000
581027.090	943718.033	1460.000
581029.739	943713.793	1460.000
581032.199	943709.444	1459.999
581034.474	943704.996	1460.000
581036.595	943700.468	1460.000
581039.979	943697.348	1460.000
581044.857	943696.251	1460.000
581049.792	943695.653	1460.000
581054.714	943696.230	1460.008
581059.543	943697.504	1460.000
581064.302	943699.032	1460.000
581069.141	943700.070	1460.000
581074.068	943699.609	1460.000
581078.769	943697.947	1460.019
581082.999	943695.283	1460.000
581087.204	943692.577	1460.000
581091.170	943689.543	1459.986
581094.722	943686.027	1460.000
581098.190	943682.426	1460.000
581101.674	943678.839	1460.001
581105.175	943675.269	1460.000
581108.647	943671.672	1459.996
581112.033	943667.994	1459.997
581115.329	943664.233	1460.000
581118.612	943660.462	1460.000
581121.884	943656.682	1460.000
581125.150	943652.896	1460.000
581128.553	943649.233	1460.004
581131.949	943645.564	1460.000
581135.424	943641.969	1460.000
581138.893	943638.368	1460.003
581142.281	943634.691	1460.000
581145.679	943631.024	1460.000
581149.146	943627.421	1460.000
581152.708	943623.913	1460.000
581156.353	943620.490	1460.000
581160.092	943617.172	1460.000
581163.960	943614.004	1460.000
581167.821	943610.827	1459.999
581171.658	943607.622	1459.999
581175.466	943604.381	1460.000
581179.292	943601.163	1460.001
581183.130	943597.958	1460.000
581186.976	943594.763	1460.000
581190.813	943591.557	1460.005
581194.594	943588.286	1460.000
581198.341	943584.976	1460.000
581202.073	943581.648	1460.000
581205.805	943578.321	1460.000
581209.598	943575.064	1460.000
581213.505	943571.949	1460.000
581217.612	943569.097	1460.000
581221.707	943566.228	1460.000
581226.010	943563.701	1460.026
581230.466	943561.434	1460.000
581234.865	943559.059	1460.000
581239.382	943556.981	1460.000
581244.165	943555.524	1460.000
581248.911	943553.961	1460.000
581253.612	943552.277	1460.000
581258.463	943551.065	1460.000
581263.314	943549.853	1460.000
581268.155	943548.607	1459.995
581272.949	943547.189	1460.000
581277.659	943545.512	1460.000
581282.370	943543.834	1460.000
581286.997	943541.943	1460.000
581291.595	943539.978	1460.000
581296.189	943538.004	1460.000
581300.709	943535.870	1460.000
581305.202	943533.675	1460.000
581309.708	943531.508	1460.003
581314.272	943529.467	1460.000
581318.861	943527.482	1460.000
581323.425	943525.441	1459.993
581327.865	943523.145	1460.000
581332.232	943520.710	1460.000
581336.616	943518.306	1460.000
581340.922	943515.766	1460.000