582597.013	943594.275	1450.000
582601.642	943596.164	1450.000
582605.984	943598.502	1449.976
582609.025	943602.455	1449.999
582606.318	943606.616	1450.001
582603.806	943610.940	1449.999
582601.280	943615.255	1450.000
582598.796	943619.593	1450.003
582596.508	943624.038	1450.000
582594.225	943628.487	1450.000
582591.772	943632.839	1450.000
582588.888	943636.923	1450.000
582585.907	943640.936	1450.000
582582.544	943644.614	1450.000
582578.541	943647.609	1450.000
582574.501	943650.555	1450.000
582570.390	943653.398	1450.000
582566.192	943656.113	1450.000
582562.092	943658.963	1449.980
582559.134	943662.914	1450.000
582557.414	943667.609	1450.000
582555.855	943672.360	1450.000
582554.692	943677.221	1449.999
582553.794	943682.140	1450.000
582552.907	943687.060	1450.000
582552.079	943691.991	1449.999
582551.240	943696.920	1450.000
582550.400	943701.849	1450.000
582549.561	943706.778	1450.000
582547.989	943711.504	1450.018
582545.898	943716.044	1450.000
582543.759	943720.564	1450.000
582540.565	943724.198	1450.000
582536.423	943726.998	1450.000
582532.139	943729.572	1450.002
582527.783	943732.019	1450.008
582523.301	943734.236	1450.000
582518.808	943736.429	1450.000
582514.322	943738.638	1450.000
582509.844	943740.860	1450.000
582505.370	943743.093	1450.000
582500.910	943745.353	1450.000
582496.456	943747.625	1450.000
582491.990	943749.874	1450.000
582487.489	943752.050	1450.000
582482.959	943754.168	1450.000
582478.429	943756.284	1450.000
582473.906	943758.415	1450.000
582469.405	943760.591	1450.000
582464.924	943762.811	1450.000
582460.400	943764.938	1450.000
582455.846	943767.003	1450.000
582451.388	943769.245	1450.003
582447.183	943771.947	1450.000
582443.278	943775.069	1450.000
582439.324	943778.122	1449.978
582434.648	943779.779	1450.000
582429.802	943781.014	1450.000
582424.955	943782.240	1450.000
582420.090	943783.390	1450.000
582415.210	943784.480	1450.000
582410.323	943785.536	1450.000
582405.420	943786.514	1450.000
582400.507	943787.446	1450.000
582395.694	943788.779	1449.978
582391.133	943790.771	1450.003
582386.842	943793.338	1450.000
582382.591	943795.970	1450.000
582378.326	943798.579	1449.994
582373.946	943800.990	1450.000
582369.668	943803.575	1450.000
582365.530	943806.376	1450.000
582361.671	943809.547	1450.000
582357.974	943812.908	1450.000
582354.693	943816.681	1450.000
582351.417	943820.458	1450.000
582348.043	943824.148	1450.000
582345.088	943828.122	1450.000
582343.677	943832.914	1450.000
582342.951	943837.861	1450.000
582342.149	943842.793	1450.000
582340.702	943847.579	1450.000
582339.479	943852.427	1450.000
582338.491	943857.328	1450.000
582334.695	943860.340	1450.000
582330.425	943862.937	1450.000
582326.208	943865.624	1449.987
582321.623	943867.601	1450.000
582316.878	943869.177	1450.000
582312.147	943870.792	1449.995
582307.424	943872.412	1450.000
582302.710	943874.079	1450.000
582297.996	943875.747	1450.000
582293.354	943877.601	1450.000
582288.892	943879.852	1450.000
582284.590	943882.394	1450.000
582280.227	943884.833	1450.000
582275.810	943887.177	1450.000
582271.470	943889.650	1450.003
582267.256	943892.340	1450.000
582263.235	943895.311	1450.000
582259.197	943898.257	1449.991
582254.821	943900.667	1450.000
582250.344	943902.891	1450.000
582245.815	943905.008	1450.000
582241.224	943906.989	1450.000
582236.679	943909.072	1450.000
582232.191	943911.262	1450.023
582230.365	943915.719	1450.000
582229.340	943920.613	1450.000
582228.314	943925.506	1450.000
582227.884	943930.462	1449.997
582227.693	943935.456	1450.000
582227.396	943940.447	1450.000
582227.100	943945.439	1450.000
582226.504	943950.396	1450.000
582225.389	943955.263	1450.000
582224.046	943960.079	1450.000
582222.679	943964.889	1450.000
582221.031	943969.601	1450.000
582218.921	943974.127	1450.000
582216.058	943978.140	1450.000
582212.140	943981.244	1450.000
582208.365	943984.523	1450.000
582204.202	943987.232	1450.008
582199.557	943989.080	1450.000
582194.893	943990.879	1450.000
582190.206	943992.611	1450.000
582185.502	943994.294	1450.025
582180.845	943996.105	1450.000
582176.226	943998.019	1450.000
582171.577	943999.850	1450.000
582166.787	944001.285	1450.002
582161.955	944002.569	1450.000
582157.109	944003.798	1449.999
582152.243	944004.943	1450.000
582147.281	944005.553	1450.000
582142.307	944006.068	1449.997
582137.343	944006.651	1449.997
582132.432	944007.584	1450.001
582127.444	944007.930	1450.000
582122.450	944008.171	1450.000
582117.455	944008.409	1449.997
582112.513	944007.682	1450.001
582107.513	944007.739	1450.000
582102.520	944007.990	1450.000
582097.526	944008.243	1450.000
582092.647	944007.190	1449.993
582087.685	944006.612	1449.998
582082.696	944006.284	1450.000
582077.705	944005.984	1450.000
582072.710	944005.760	1450.000
582067.719	944005.471	1450.000
582062.728	944005.163	1450.000
582057.741	944004.808	1450.000
582052.764	944004.332	1450.000
582047.775	944003.996	1450.000
582042.783	944003.708	1450.000
582037.802	944003.283	1450.002
582032.845	944002.635	1450.001
582027.872	944002.115	1450.000
582022.892	944001.666	1450.002
582017.898	944001.441	1450.003
582012.898	944001.402	1450.000
582007.920	944000.954	1450.001
582002.953	944000.379	1450.000
581997.967	944000.005	1450.000
581992.974	943999.746	1450.000
581987.991	943999.341	1450.000
581983.073	943998.461	1450.012
581978.766	943996.022	1450.000
581974.660	943993.169	1450.000
581970.698	943990.123	1450.006
581967.315	943986.451	1450.009
581964.315	943982.486	1450.000
581961.163	943978.613	1449.956
581958.251	943974.556	1450.000
581955.677	943970.314	1450.000
581954.099	943965.618	1450.000
581953.345	943960.675	1450.000
581952.570	943955.749	1449.996
581951.460	943950.924	1450.014
581949.725	943946.249	1450.000
581948.526	943941.395	1450.000
581947.273	943936.556	1450.000
581945.587	943931.858	1449.997
581943.148	943927.494	1450.000
581940.299	943923.387	1450.002
581937.100	943919.549	1449.999
581933.802	943915.800	1450.022
581929.341	943913.771	1449.997
581924.474	943912.646	1450.000
581919.577	943911.637	1450.000
581914.689	943910.585	1450.001
581909.791	943909.580	1449.999
581904.872	943908.686	1450.000
581899.943	943907.845	1450.000
581895.023	943906.956	1450.000
581890.320	943905.401	1450.000
581886.026	943902.911	1449.982
581882.142	943899.777	1449.997
581878.311	943896.617	1450.000
581874.317	943893.670	1450.034
581872.439	943889.212	1449.998
581874.016	943884.773	1450.000
581877.025	943880.779	1450.000
581878.004	943876.158	1450.000
581877.358	943871.334	1450.000
581878.661	943866.511	1449.960
581880.229	943861.772	1450.000
581881.157	943856.879	1449.917
581881.738	943852.241	1449.960
581877.308	943850.100	1450.000
581872.312	943849.913	1450.000
581867.364	943849.204	1450.000
581862.407	943848.547	1450.000
581857.450	943847.891	1450.000
581852.498	943847.201	1450.000
581847.632	943846.052	1450.000
581842.811	943844.733	1450.001
581837.954	943843.548	1450.000
581833.092	943842.381	1450.000
581828.295	943840.974	1450.000
581823.578	943839.317	1450.000
581818.878	943837.630	1450.004
581814.039	943836.431	1449.975
581809.154	943836.549	1450.000
581804.588	943838.430	1450.000
581800.013	943840.371	1449.999
581795.092	943841.191	1450.000
581790.126	943841.773	1450.000
581785.178	943842.484	1450.000
581780.236	943843.247	1450.000
581775.293	943843.996	1450.000
581770.458	943845.170	1450.000
581765.855	943847.099	1449.996
581761.403	943849.374	1450.000
581756.963	943851.674	1450.000
581752.618	943854.142	1450.000
581748.671	943857.210	1450.000
581744.961	943860.555	1450.000
581741.367	943864.032	1450.000
581737.810	943867.545	1450.000
581734.510	943871.301	1450.000
581730.815	943874.624	1450.000
581726.714	943877.483	1450.000
581722.583	943880.300	1450.000
581718.320	943882.912	1450.000
581713.996	943885.422	1450.000
581709.529	943887.649	1450.002
581705.876	943891.021	1450.000
581702.727	943894.897	1450.000
581699.755	943898.918	1450.002
581696.971	943903.070	1450.000
581694.249	943907.264	1450.000
581691.462	943911.390	1449.946
581687.013	943913.619	1450.000
581682.103	943914.566	1450.000
581677.191	943915.412	1449.994
581672.244	943914.783	1450.000
581667.527	943913.124	1450.000
581662.976	943911.055	1450.000
581658.449	943908.932	1450.000
581653.953	943906.746	1450.000
581649.603	943904.284	1450.000
581645.358	943901.645	1450.000
581641.176	943898.905	1450.000
581636.991	943896.168	1450.000
581632.809	943893.429	1450.000
581629.648	943889.608	1450.003
581627.482	943885.156	1450.000
581626.280	943880.304	1450.000
581625.076	943875.451	1450.000
581623.922	943870.586	1449.999
581622.848	943865.704	1449.996
581621.728	943860.835	1450.006
581620.392	943856.018	1450.006
581619.182	943851.170	1449.999
581617.829	943846.479	1450.047
581612.932	943846.476	1450.010
581607.976	943847.136	1450.000
581603.062	943848.056	1450.000
581598.155	943849.014	1450.000
581593.260	943850.036	1450.000
581588.421	943851.290	1450.000
581583.623	943852.695	1450.000
581578.843	943854.161	1450.000
581574.031	943855.517	1450.005
581569.253	943856.987	1450.000
581564.584	943858.766	1450.000
581560.009	943860.779	1450.000
581555.558	943863.056	1450.000
581551.145	943865.406	1450.000
581546.765	943867.817	1450.000
581542.443	943870.331	1450.000
581538.125	943872.852	1450.000
581533.684	943875.140	1450.003
581528.794	943875.823	1450.000
581523.922	943874.921	1450.000
581519.094	943873.624	1450.000
581514.275	943872.305	1450.000
581509.485	943870.877	1449.987
581504.970	943868.763	1450.000
581500.603	943866.328	1450.003
581496.271	943863.831	1449.996
581491.878	943861.590	1449.980
581486.913	943861.298	1449.999
581482.005	943862.249	1450.000
581477.104	943863.239	1450.003
581472.190	943864.122	1450.000
581467.194	943863.949	1449.988
581462.361	943862.785	1450.000
581457.396	943863.373	1450.000
581452.430	943863.947	1450.000
581447.444	943863.588	1450.000
581442.603	943862.338	1450.000
581437.768	943861.062	1450.000
581432.963	943859.681	1450.000
581428.101	943858.519	1450.000
581423.179	943857.706	1450.008
581418.276	943856.940	1449.999
581417.016	943860.417	1450.000
581417.876	943865.343	1450.000
581419.820	943869.832	1450.000
581422.971	943873.658	1450.000
581426.777	943876.901	1450.000
581430.277	943880.466	1450.000
581433.598	943884.198	1449.998
581436.810	943888.026	1450.000
581440.333	943891.574	1450.000
581444.042	943894.923	1450.000
581447.767	943898.251	1450.000
581450.947	943902.109	1450.000
581453.822	943906.184	1449.975
581455.842	943910.753	1450.000
581457.645	943915.416	1450.000
581459.442	943920.082	1449.999
581461.248	943924.744	1450.000
581462.901	943929.457	1450.000
581464.095	943934.306	1450.000
581464.971	943939.228	1450.000
581465.787	943944.160	1450.014
581466.727	943949.069	1450.000
581468.050	943953.882	1450.000
581469.797	943958.567	1450.000
581471.545	943963.251	1450.000
581473.316	943967.927	1450.000
581475.056	943972.614	1450.000
581476.703	943977.335	1449.998
581478.246	943982.091	1450.004
581479.803	943986.842	1450.000
581479.778	943991.802	1450.000
581478.019	943996.442	1450.000
581476.019	944001.024	1450.000
581474.124	944005.647	1450.019
581472.806	944010.421	1450.005
581474.945	944013.838	1450.000
581479.357	944016.183	1449.987
581482.092	944019.959	1449.999
581482.763	944024.908	1450.000
581483.251	944029.883	1450.000
581483.253	944034.821	1449.990
581480.333	944037.640	1450.000
581476.408	944035.915	1450.026
581473.983	944031.582	1450.084
581469.319	944030.537	1449.994
581464.319	944030.564	1450.000
581459.333	944030.363	1449.976
581454.480	944029.308	1450.046
581449.608	944028.786	1449.994
581444.617	944028.679	1450.000
581439.628	944028.354	1450.000
581434.639	944028.027	1450.000
581429.676	944028.314	1450.001
581424.749	944029.164	1450.000
581419.832	944030.071	1450.000
581414.907	944030.936	1450.000
581410.002	944031.893	1450.000
581405.148	944033.088	1450.000
581400.322	944034.394	1450.001
581395.459	944035.548	1449.994
581390.605	944036.686	1450.000
581385.861	944038.266	1450.001
581381.081	944039.722	1450.003
581376.198	944040.792	1450.000
581371.335	944041.884	1450.000
581366.733	944043.814	1449.980
581362.622	944046.632	1449.996
581359.030	944050.109	1450.000
581355.473	944053.623	1450.000
581351.967	944057.188	1450.000
581348.456	944060.747	1450.000
581344.954	944064.316	1450.000
581341.481	944067.913	1450.000
581338.010	944071.512	1450.000
581334.195	944074.728	1449.992
581329.898	944077.284	1450.000
581325.527	944079.709	1450.005
581320.877	944081.312	1449.952
581315.895	944081.176	1450.000
581310.903	944080.962	1450.000
581305.904	944081.011	1449.998
581300.904	944080.974	1449.988
581295.911	944080.734	1450.000
581290.919	944080.631	1450.000
581285.927	944080.913	1450.002
581280.934	944081.185	1450.001
581276.010	944081.798	1450.030
581273.391	944085.408	1449.972
581272.950	944090.357	1450.000
581273.121	944095.347	1450.000
581273.518	944100.331	1450.000
581273.920	944105.315	1450.000
581274.413	944110.289	1450.011
581274.848	944115.259	1450.009
581274.781	944120.246	1450.000
581274.398	944125.232	1450.000
581273.627	944130.157	1450.002
581270.669	944133.384	1450.000
581265.821	944134.608	1450.000
581260.974	944135.834	1450.000
581256.132	944137.083	1450.001
581251.334	944138.478	1450.000
581246.623	944140.153	1450.000
581241.890	944141.763	1449.992
581237.044	944142.996	1450.000
581232.196	944144.216	1450.000
581227.406	944145.650	1450.000
581222.617	944147.087	1450.000
581218.031	944148.955	1450.027
581215.492	944153.036	1450.000
581215.473	944158.036	1450.000
581215.456	944163.035	1450.001
581215.587	944168.033	1450.003
581215.660	944173.021	1450.007
581214.713	944177.912	1450.000
581212.831	944182.544	1450.000
581211.545	944187.367	1449.999
581209.722	944192.016	1450.002
581206.789	944196.051	1450.000
581203.772	944200.038	1450.000
581200.424	944203.727	1450.006
581196.503	944206.822	1450.000
581195.240	944211.316	1450.004
581197.808	944215.262	1450.000
581201.161	944218.969	1449.983
581203.936	944223.126	1450.000
581206.600	944227.357	1450.000
581209.140	944231.663	1450.005
581211.276	944236.174	1450.000
581213.263	944240.762	1450.000
581215.228	944245.359	1450.000
581217.078	944250.003	1450.000
581218.269	944254.821	1450.000
581218.740	944259.797	1449.999
581217.955	944264.556	1449.996
581215.543	944268.930	1450.012
581213.131	944273.305	1450.001
581210.929	944277.792	1450.000
581208.811	944282.321	1450.000
581206.812	944286.903	1450.009
581205.424	944291.706	1450.000
581204.499	944296.615	1450.000
581203.670	944301.546	1450.000
581202.927	944306.491	1449.999
581202.163	944311.432	1450.000
581201.137	944316.324	1450.001
581200.172	944321.229	1450.001
581199.389	944326.167	1450.000
581198.479	944331.082	1450.000
581196.936	944335.823	1450.005
581195.621	944340.642	1450.000
581194.440	944345.501	1450.000
581193.074	944350.308	1450.001
581190.319	944354.297	1450.000
581186.624	944357.664	1450.000
581182.928	944361.032	1450.000
581179.270	944364.440	1450.000
581175.623	944367.861	1450.000
581171.929	944371.226	1450.006
581168.075	944374.410	1450.000
581164.202	944377.572	1450.000
581160.455	944380.879	1450.006
581157.029	944384.520	1450.000
581153.650	944388.206	1450.001
581150.073	944391.689	1450.001
581146.457	944395.142	1450.000
581142.821	944398.574	1450.001
581139.479	944402.289	1449.999
581136.450	944406.266	1450.000
581133.437	944410.256	1450.000
581130.127	944413.995	1450.000
581126.698	944417.634	1450.000
581123.284	944421.287	1449.999
581120.044	944425.093	1450.000
581116.860	944428.948	1450.000
581113.678	944432.805	1450.001
581110.225	944436.406	1450.000
581106.582	944439.830	1450.000
581102.931	944443.247	1450.000
581099.274	944446.657	1450.000
581095.563	944450.006	1450.000
581091.419	944452.283	1450.000
581086.478	944451.526	1449.998
581081.576	944450.543	1449.999
581076.678	944450.000	1450.000
581073.599	944453.389	1450.062
581074.484	944458.234	1450.001
581075.627	944463.102	1449.997
581076.511	944468.022	1449.994
581076.854	944472.996	1450.000
581076.125	944477.943	1450.000
581075.419	944482.892	1450.002
581075.033	944487.874	1450.000
581075.105	944492.859	1450.000
581073.982	944497.731	1450.000
581072.751	944502.577	1450.000
581071.566	944507.434	1450.000
581070.357	944512.286	1450.000
581069.373	944517.188	1450.000
581068.402	944522.093	1450.000
581067.030	944526.895	1449.981
581063.390	944530.291	1450.000
581059.553	944533.493	1450.000
581055.523	944536.452	1449.999
581051.562	944539.465	1450.000
581048.104	944543.076	1449.997
581044.087	944546.015	1450.020
581039.668	944548.349	1450.000
581035.215	944550.621	1450.000
581031.141	944553.392	1450.000
581027.963	944557.252	1450.000
581024.587	944560.934	1450.005
581020.242	944562.614	1450.000
581015.244	944562.483	1450.000
581010.273	944562.767	1450.000
581005.312	944563.297	1450.007
581000.343	944563.112	1450.000
580995.396	944562.385	1450.000
580990.441	944562.201	1450.000
580985.476	944562.786	1450.000
580980.508	944563.358	1450.000
580975.539	944563.908	1450.000
580970.583	944564.556	1450.000
580965.648	944565.360	1450.000
580960.714	944566.173	1450.000
580955.781	944566.987	1450.000
580950.836	944567.716	1450.002
580945.856	944568.137	1450.000
580940.860	944568.331	1450.000
580935.864	944568.524	1450.000
580930.872	944568.790	1450.011
580925.891	944569.205	1450.001
580920.902	944569.536	1450.000
580915.913	944569.878	1450.000
580910.998	944570.604	1450.001
580906.405	944572.471	1450.002
580908.578	944576.904	1449.955
580910.894	944581.297	1449.999
580913.491	944585.568	1450.000
580916.078	944589.845	1449.999
580918.055	944594.401	1450.001
580919.476	944599.191	1450.014
580921.085	944603.921	1450.000
580922.805	944608.616	1450.000
580924.252	944613.390	1450.000
580925.017	944618.332	1450.000
580925.774	944623.274	1450.001
580926.526	944628.217	1450.000
580927.323	944633.152	1450.000
580928.327	944638.051	1450.000
580929.319	944642.951	1449.998
580930.133	944647.877	1450.001
580929.827	944652.822	1450.000
580927.323	944657.150	1450.000
580924.494	944661.263	1450.009
580920.202	944662.628	1450.000
580915.256	944661.984	1450.000
580910.427	944662.422	1450.000
580906.035	944664.734	1449.978
580902.867	944668.558	1450.000
580900.045	944672.669	1450.000
580895.925	944675.479	1449.963
580891.198	944677.024	1450.000
580886.262	944677.824	1449.996
580881.384	944678.857	1449.932
580876.813	944680.786	1450.000
580872.668	944683.582	1450.000
580867.737	944684.275	1450.001
580862.927	944685.618	1449.992
580858.376	944687.679	1450.000
580853.872	944689.835	1450.005
580849.154	944690.919	1449.942
580844.268	944691.642	1450.000
580839.436	944692.929	1450.002
580835.272	944695.489	1450.020
580833.723	944700.192	1450.000
580832.768	944705.100	1450.000
580832.240	944710.051	1450.000
580833.609	944714.625	1450.011
580835.862	944719.072	1450.000
580838.249	944723.463	1450.000
580840.643	944727.853	1450.000
580843.102	944732.206	1450.000
580845.857	944736.378	1450.000
580848.633	944740.536	1450.000
580851.413	944744.692	1450.000
580854.030	944748.950	1450.005
580856.342	944753.375	1449.978
580857.763	944758.161	1450.009
580859.610	944762.802	1450.000
580861.475	944767.441	1450.000
580862.819	944772.257	1450.000
580861.497	944777.039	1450.007
580860.985	944781.989	1450.029
580861.691	944786.934	1450.000
580862.205	944791.906	1450.000
580861.400	944796.818	1450.004
580860.713	944801.768	1450.013
580860.475	944806.761	1450.000
580860.362	944811.760	1450.000
580860.649	944816.749	1449.999
580860.919	944821.741	1449.992
580861.017	944826.740	1450.000
580861.235	944831.735	1450.000
580862.132	944836.646	1450.000
580863.136	944841.544	1450.001
580864.091	944846.452	1450.003
580865.049	944851.359	1450.000
580866.066	944856.254	1450.000
580867.100	944861.146	1449.998
580868.090	944866.047	1450.002
580868.865	944870.984	1450.022
580869.731	944875.909	1450.000
580870.599	944880.832	1450.000
580871.464	944885.757	1449.999
580872.284	944890.689	1449.999
580872.832	944895.655	1450.006
580873.282	944900.633	1450.000
580873.705	944905.615	1450.000
580874.070	944910.602	1450.002
580874.108	944915.595	1450.009
580873.918	944920.591	1450.000
580873.677	944925.585	1450.000
580873.495	944930.582	1450.000
580873.638	944935.574	1449.997
580873.963	944940.564	1450.000
580874.303	944945.552	1450.000
580874.635	944950.541	1449.999
580874.928	944955.532	1449.999
580875.232	944960.523	1450.000
580875.561	944965.512	1450.000
580875.878	944970.502	1450.001
580876.140	944975.495	1450.003
580876.426	944980.487	1450.000
580876.746	944985.477	1450.000
580877.072	944990.466	1450.000
580877.433	944995.453	1450.000
580877.814	945000.438	1450.000
580878.194	945005.424	1450.000
580878.602	945010.407	1450.000
580879.171	945015.373	1449.999
580879.890	945020.321	1449.999
580880.663	945025.261	1450.000
580881.440	945030.200	1450.000
580882.054	945035.160	1450.000
580882.544	945040.136	1450.000
580883.011	945045.114	1450.000
580883.468	945050.093	1450.000
580883.948	945055.070	1450.000
580884.448	945060.045	1450.000
580884.933	945065.021	1450.000
580885.404	945069.999	1450.000
580885.889	945074.976	1450.000
580886.392	945079.950	1450.000
580886.894	945084.925	1450.000
580887.389	945089.900	1450.000
580887.887	945094.876	1450.000
580888.394	945099.850	1450.000
580888.901	945104.824	1450.000
580889.460	945109.792	1450.000
580890.313	945114.712	1450.000
580891.446	945119.582	1450.000
580892.594	945124.448	1450.000
580893.934	945129.265	1450.000
580895.305	945134.074	1450.000
580896.720	945138.869	1450.000
580898.135	945143.665	1450.000
580899.557	945148.458	1450.000
580901.033	945153.235	1449.999
580902.641	945157.970	1450.000
580904.274	945162.695	1450.001
580905.960	945167.402	1450.001
580907.841	945172.035	1449.996
580910.244	945176.414	1450.000
580912.732	945180.751	1450.000
580915.451	945184.947	1450.000
580918.195	945189.126	1450.000
580921.033	945193.240	1450.000
580924.104	945197.186	1450.000
580927.175	945201.132	1450.000
580930.246	945205.078	1450.000
580933.323	945209.019	1449.998
580936.441	945212.927	1450.006
580939.727	945216.696	1450.000
580943.007	945220.468	1450.000
580946.261	945224.264	1450.009
580949.565	945228.016	1449.998
580952.933	945231.707	1449.999
580956.528	945235.183	1450.001
580960.101	945238.679	1449.999
580963.659	945242.192	1450.000
580967.233	945245.688	1450.001
580970.790	945249.203	1449.994
580973.696	945253.209	1449.981
580976.208	945257.530	1450.000
580978.628	945261.905	1450.016
580981.097	945266.252	1450.000
580983.613	945270.572	1450.000
580986.393	945274.721	1450.000
580989.363	945278.743	1450.000
580992.331	945282.767	1450.003
580995.303	945286.787	1450.000
580998.273	945290.810	1450.000
581001.224	945294.845	1450.002
581004.194	945298.868	1449.991
581007.132	945302.911	1450.034
581010.091	945306.939	1450.000
581013.028	945310.974	1450.004
581015.839	945315.100	1449.993
581018.737	945319.155	1449.955
581021.563	945323.262	1450.000
581024.249	945327.466	1450.001
581026.983	945331.652	1450.000
581029.845	945335.751	1450.000
581032.771	945339.803	1450.000
581036.050	945343.578	1450.000
581039.328	945347.353	1450.000
581042.533	945351.191	1450.000
581045.451	945355.244	1450.000
581048.223	945359.405	1450.000
581050.999	945363.563	1449.999
581053.817	945367.693	1450.000
581056.695	945371.782	1450.000
581059.572	945375.871	1450.000
581062.450	945379.960	1450.000
581065.328	945384.048	1450.000
581068.204	945388.139	1450.002
581071.062	945392.241	1450.000
581073.763	945396.448	1450.001
581076.474	945400.649	1450.000
581079.182	945404.853	1450.000
581081.882	945409.061	1450.000
581084.544	945413.293	1450.000
581087.116	945417.581	1450.003
581090.561	945421.199	1449.999
581094.090	945424.740	1450.000
581097.619	945428.270	1450.000
581101.155	945431.805	1450.000
581103.475	945435.984	1450.048
581103.735	945438.256	1449.966
581098.771	945438.288	1449.999
581093.779	945438.007	1450.000
581089.392	945435.894	1450.021
581084.850	945433.819	1449.997
581080.130	945432.181	1450.000
581075.366	945430.674	1450.020
581070.837	945428.584	1450.000
581066.461	945426.165	1450.000
581062.084	945423.749	1449.999
581057.728	945421.295	1450.000
581053.380	945418.825	1450.000
581049.287	945415.963	1450.000
581045.261	945412.998	1450.000
581041.230	945410.041	1450.000
581037.092	945407.235	1450.012
581033.169	945404.141	1450.012
581029.295	945400.981	1450.000
581025.394	945397.853	1450.000
581021.489	945394.730	1450.000
581017.478	945391.761	1450.000
581013.273	945389.057	1450.009
581009.224	945386.129	1449.995
581005.182	945383.190	1449.997
581001.132	945380.263	1450.010
580997.139	945377.261	1450.014
580993.015	945374.443	1450.008
580989.000	945371.474	1449.989
580984.843	945368.697	1450.000
580980.645	945365.980	1450.000
580976.427	945363.296	1450.000
580972.233	945360.578	1450.000
580968.357	945357.419	1450.000
580964.486	945354.255	1450.000
580960.784	945350.905	1450.000
580957.298	945347.321	1450.000
580953.905	945343.648	1450.000
580950.493	945339.994	1450.000
580947.067	945336.352	1450.000
580943.640	945332.711	1450.000
580940.214	945329.069	1450.000
580936.787	945325.428	1450.000
580933.361	945321.787	1450.000
580929.934	945318.146	1450.000
580926.506	945314.506	1450.000
580923.078	945310.866	1450.000
580919.651	945307.225	1450.000
580916.223	945303.585	1450.000
580912.795	945299.945	1450.000
580909.393	945296.281	1450.000
580905.993	945292.615	1450.000
580902.791	945288.775	1450.000
580899.626	945284.904	1450.000
580896.477	945281.021	1450.000
580893.345	945277.124	1450.015
580889.798	945273.612	1450.000
580886.128	945270.216	1450.000
580882.454	945266.826	1450.000
580878.779	945263.435	1450.000
580875.105	945260.044	1450.000
580871.309	945256.804	1450.000
580867.216	945253.931	1450.000
580863.127	945251.054	1450.000
580859.046	945248.165	1450.000
580854.967	945245.273	1450.000
580850.890	945242.379	1450.000
580846.812	945239.486	1450.000
580842.734	945236.592	1450.000
580838.657	945233.698	1450.000
580834.533	945230.872	1450.000
580830.292	945228.230	1450.003
580825.932	945225.785	1449.982
580821.583	945223.320	1450.000
580817.273	945220.789	1450.000
580812.961	945218.258	1450.000
580808.709	945215.627	1450.000
580804.465	945212.983	1450.000
580800.334	945210.167	1450.000
580796.231	945207.310	1450.000
580792.168	945204.397	1450.000
580788.200	945201.355	1450.000
580784.233	945198.312	1450.000
580780.266	945195.268	1450.000
580776.299	945192.225	1450.000
580772.332	945189.181	1450.000
580768.364	945186.138	1450.000
580764.397	945183.095	1450.000
580760.430	945180.052	1450.000
580756.463	945177.008	1450.000
580752.495	945173.966	1450.000
580748.490	945170.973	1449.998
580744.504	945167.954	1450.000
580740.518	945164.936	1450.000
580736.532	945161.916	1450.000
580732.547	945158.897	1450.000
580728.525	945155.927	1450.000
580724.501	945152.958	1450.000
580720.478	945149.990	1450.000
580716.454	945147.022	1450.000
580712.431	945144.053	1450.000
580708.407	945141.085	1450.000
580704.384	945138.116	1450.000
580700.360	945135.148	1450.000
580696.336	945132.180	1450.000
580692.283	945129.261	1450.004
580687.599	945127.524	1449.999
580683.053	945125.451	1450.006
580678.480	945123.433	1450.000
580673.920	945121.382	1450.000
580669.185	945119.814	1450.000
580664.368	945118.472	1450.000
580659.551	945117.133	1450.000
580654.733	945115.794	1450.000
580649.908	945114.486	1450.000
580645.075	945113.203	1450.000
580640.211	945112.055	1450.000
580635.310	945111.066	1450.000
580630.381	945110.251	1450.000
580625.414	945109.673	1450.000
580620.448	945109.097	1450.000
580615.482	945108.514	1450.002
580610.515	945107.940	1450.000
580605.546	945107.378	1450.000
580600.577	945106.830	1450.000
580595.607	945106.283	1450.000
580590.637	945105.736	1450.000
580585.667	945105.188	1450.000
580580.697	945104.640	1450.000
580575.727	945104.090	1450.000
580570.759	945103.526	1450.000
580565.794	945102.935	1449.999
580560.828	945102.357	1450.000
580555.858	945101.804	1450.000
580550.893	945101.221	1450.000
580545.935	945100.573	1450.000
580540.977	945099.927	1450.000
580536.018	945099.285	1450.000
580531.048	945098.773	1450.000
580526.052	945098.573	1449.998
580521.055	945098.408	1449.991
580516.057	945098.329	1450.000
580511.088	945098.670	1450.000
580506.193	945099.693	1450.000
580501.301	945100.725	1450.000
580496.408	945101.755	1450.000
580491.515	945102.784	1450.000
580486.623	945103.814	1450.000
580481.730	945104.845	1450.000
580476.838	945105.877	1450.000
580471.945	945106.909	1450.000
580467.053	945107.940	1450.000
580462.161	945108.973	1450.000
580457.268	945110.006	1450.000
580452.380	945111.054	1450.001
580447.486	945112.076	1450.000
580442.605	945113.162	1450.000
580437.725	945114.253	1450.000
580432.872	945115.452	1449.999
580427.966	945116.415	1450.000
580423.054	945117.351	1450.000
580418.128	945118.205	1449.987
580413.159	945118.762	1450.000
580408.488	945117.186	1450.000
580403.871	945115.266	1450.000
580399.256	945113.343	1450.001
580394.692	945111.303	1449.999
580390.183	945109.144	1450.001
580385.678	945106.974	1449.999
580381.192	945104.767	1450.000
580376.707	945102.556	1450.000
580372.222	945100.346	1450.000
580367.736	945098.138	1450.000
580363.250	945095.930	1450.000
580358.764	945093.721	1450.000
580354.278	945091.513	1450.000
580349.793	945089.304	1450.000
580345.308	945087.094	1450.000
580340.823	945084.883	1450.000
580336.338	945082.673	1450.000
580331.853	945080.463	1450.000
580327.367	945078.255	1450.000
580322.881	945076.047	1450.000
580318.395	945073.838	1450.000
580313.909	945071.630	1450.000
580309.376	945069.522	1450.012
580304.821	945067.462	1450.000
580300.251	945065.436	1450.000
580295.679	945063.411	1450.000
580290.984	945062.147	1450.000
580286.011	945062.661	1449.998
580281.075	945063.437	1450.000
580276.191	945064.507	1450.000
580271.307	945065.578	1450.000
580266.424	945066.651	1450.000
580261.540	945067.720	1450.000
580256.654	945068.782	1450.003
580251.750	945069.748	1450.004
580246.779	945070.267	1450.000
580241.785	945070.508	1450.000
580236.790	945070.740	1449.998
580231.799	945070.763	1449.985
580226.860	945070.004	1450.000
580221.952	945069.048	1450.000
580217.044	945068.095	1449.998
580212.133	945067.160	1449.995
580207.191	945066.410	1449.983
580202.347	945065.190	1450.000
580197.536	945063.828	1450.000
580192.725	945062.466	1450.000
580187.817	945061.517	1450.000
580182.911	945060.552	1450.001
580178.035	945059.449	1449.994
580173.189	945058.217	1450.000
580168.274	945057.309	1450.000
580163.346	945056.463	1450.000
580158.424	945055.582	1450.002
580153.527	945054.581	1449.992
580148.597	945053.750	1450.000
580143.658	945052.969	1450.000
580138.727	945052.144	1450.000
580133.816	945051.206	1450.006
580128.873	945050.467	1450.020
580123.927	945049.746	1450.000
580118.990	945048.956	1450.000
580114.053	945048.162	1449.999
580109.079	945047.717	1449.994
580104.119	945047.124	1450.010
580099.168	945046.428	1450.000
580094.220	945045.714	1450.000
580089.272	945044.992	1450.000
580084.325	945044.268	1450.001
580079.377	945043.548	1450.000
580074.429	945042.831	1450.000
580069.511	945041.938	1450.000
580064.613	945040.934	1450.000
580059.711	945039.948	1450.001
580054.806	945038.980	1450.000
580049.905	945037.990	1450.000
580045.011	945036.966	1450.000
580040.117	945035.942	1450.000
580035.223	945034.918	1450.000
580030.309	945034.003	1450.000
580025.370	945033.225	1450.000
580020.430	945032.448	1450.000
580015.491	945031.676	1450.003
580010.530	945031.410	1450.000
580005.550	945031.853	1450.000
580000.570	945032.300	1450.000
579995.592	945032.770	1450.000
579990.616	945033.259	1450.000
579985.640	945033.748	1450.000
579980.665	945034.250	1449.996
579975.703	945034.853	1449.995
579970.748	945035.480	1450.000
579965.758	945035.788	1450.000
579960.769	945036.121	1450.008
579955.828	945036.793	1450.024
579951.034	945037.365	1450.000
579946.234	945035.964	1450.000
579941.435	945034.563	1449.995
579936.608	945033.306	1449.926
579932.027	945031.389	1450.001
579927.850	945028.641	1450.000
579923.776	945025.745	1450.000
579919.764	945022.761	1450.000
579915.752	945019.777	1450.000
579911.643	945016.955	1450.000
579907.118	945014.828	1450.000
579902.587	945012.713	1450.000
579897.872	945011.058	1450.000
579893.152	945009.409	1449.999
579888.243	945008.508	1450.000
579883.303	945007.736	1450.000
579878.361	945006.977	1450.000
579873.418	945006.223	1450.000
579868.431	945005.948	1449.997
579863.451	945006.271	1449.981
579858.488	945006.860	1450.000
579853.533	945007.525	1450.000
579849.154	945009.774	1450.006
579845.270	945012.918	1450.000
579841.235	945015.870	1450.000
579837.201	945018.824	1450.000
579833.169	945021.782	1450.000
579828.803	945024.201	1450.004
579824.685	945027.010	1449.997
579820.926	945030.307	1450.000
579817.033	945033.425	1450.003
579812.794	945036.077	1450.001
579808.257	945038.173	1450.000
579803.716	945040.265	1449.999
579799.386	945042.748	1450.000
579795.263	945045.577	1450.000
579790.991	945048.137	1449.987
579786.665	945050.601	1450.000
579782.514	945053.356	1450.000
579778.082	945055.671	1450.000
579773.746	945058.158	1450.000
579769.267	945060.364	1450.000
579764.720	945062.445	1450.000
579760.318	945064.810	1450.000
579755.984	945067.303	1450.000
579751.601	945069.704	1449.995
579747.267	945072.183	1450.000
579742.882	945074.578	1450.000
579738.462	945076.915	1450.000
579734.042	945079.252	1450.000
579729.622	945081.590	1450.000
579725.226	945083.973	1449.997
579720.964	945086.585	1450.000
579716.767	945089.302	1449.999
579712.596	945092.058	1450.000
579709.269	945095.786	1450.000
579705.971	945099.544	1450.000
579702.677	945103.305	1450.000
579699.384	945107.068	1450.000
579696.090	945110.830	1450.000
579692.797	945114.592	1450.000
579689.502	945118.352	1450.000
579686.202	945122.109	1450.002
579682.911	945125.873	1450.000
579679.625	945129.623	1450.000
579676.279	945133.307	1449.986
579672.984	945137.063	1449.988
579669.455	945140.489	1449.941
579666.176	945144.068	1449.884
579663.436	945147.352	1449.978
579658.902	945148.741	1450.134
579656.574	945152.660	1449.981
579652.470	945154.818	1450.000
579648.902	945157.770	1450.004
579643.989	945158.164	1450.018
579639.003	945157.956	1450.000
579634.015	945157.617	1450.000
579629.696	945155.484	1450.005
579624.768	945154.845	1449.997
579619.781	945154.608	1449.997
579614.789	945154.469	1449.997
579609.794	945154.396	1449.997
579604.805	945154.223	1449.996
579599.833	945153.843	1449.996
579594.934	945152.968	1450.000
579595.403	945150.252	1449.988
579600.324	945149.713	1450.001
579605.322	945149.651	1449.997
579610.307	945149.908	1450.000
579615.287	945150.343	1450.000
579620.272	945150.729	1450.000
579625.257	945151.118	1450.000
579630.241	945151.521	1450.000
579635.232	945151.663	1450.001
579640.213	945151.303	1450.000
579645.180	945150.731	1450.000
579649.662	945148.996	1450.011
579650.965	945144.281	1449.995
579651.416	945139.304	1450.000
579651.756	945134.316	1450.000
579650.345	945129.715	1449.999
579647.803	945125.416	1450.000
579645.058	945121.238	1450.000
579642.316	945117.056	1450.000
579639.568	945112.880	1450.000
579636.584	945108.868	1450.000
579633.547	945104.897	1450.000
579629.871	945101.568	1450.000
579625.869	945098.571	1450.000
579621.853	945095.592	1450.000
579617.837	945092.614	1450.000
579613.735	945089.755	1450.000
579609.069	945088.207	1450.000
579604.165	945087.231	1450.000
579599.260	945086.265	1450.000
579594.354	945085.299	1450.000
579589.549	945083.959	1449.997
579584.866	945082.306	1450.000
579580.523	945079.930	1450.003
579576.069	945077.725	1450.000
579572.021	945074.890	1450.000
579570.111	945070.704	1449.996
579571.718	945066.093	1449.997
579576.111	945064.158	1450.000
579580.951	945062.906	1450.000
579584.881	945060.078	1450.000
579588.162	945056.306	1450.000
579591.382	945052.482	1450.000
579595.473	945049.700	1449.999
579599.779	945047.158	1450.000
579604.063	945044.589	1450.003
579607.697	945041.171	1450.000
579610.979	945037.399	1450.000
579613.985	945033.418	1450.002
579616.394	945029.037	1450.000
579618.727	945024.615	1450.000
579618.236	945020.442	1450.001
579614.544	945017.175	1450.000
579609.862	945015.422	1450.001
579605.077	945013.982	1450.001
579600.213	945012.828	1450.000
579595.333	945011.737	1450.000
579590.439	945010.717	1450.000
579585.524	945009.798	1450.000
579580.609	945008.883	1450.000
579575.693	945007.968	1450.000
579570.764	945007.136	1450.000
579565.816	945006.421	1449.998
579560.880	945005.623	1450.000
579555.947	945004.808	1450.000
579550.999	945004.113	1450.000
579546.016	945003.708	1449.999
579541.030	945003.332	1450.000
579536.041	945003.001	1450.000
579531.049	945002.770	1450.000
579526.049	945002.784	1450.000
579521.049	945002.805	1450.000
579516.049	945002.830	1450.000
579511.049	945002.868	1450.000
579506.049	945002.931	1450.000
579501.050	945002.976	1450.000
579496.050	945002.993	1450.000
579491.050	945003.052	1450.000
579486.053	945003.176	1450.003
579481.055	945003.154	1450.000
579476.061	945002.914	1450.000
579471.154	945002.244	1450.000
579466.471	945000.493	1449.999
579461.812	944998.680	1450.006
579457.145	944996.889	1449.995
579452.566	944994.886	1450.000
579447.998	944992.854	1450.000
579444.095	944989.779	1450.000
579440.453	944986.364	1450.000
579437.080	944982.673	1450.000
579433.708	944978.981	1450.000
579431.519	944974.603	1450.000
579430.075	944969.817	1450.000
579428.731	944965.001	1450.000
579427.410	944960.179	1450.000
579426.093	944955.355	1450.000
579424.506	944950.626	1450.000
579422.489	944946.052	1450.000
579420.390	944941.514	1450.000
579418.294	944936.974	1450.000
579416.196	944932.438	1450.000
579413.213	944928.424	1450.000
579409.804	944924.781	1450.001
579406.299	944921.215	1450.004
579402.790	944917.653	1450.001
579399.258	944914.115	1450.003
579395.739	944910.563	1450.003
579392.228	944907.004	1450.002
579388.603	944903.560	1450.006
579384.966	944900.130	1450.000
579381.369	944896.659	1450.005
579377.758	944893.202	1450.002
579374.193	944889.701	1450.003
579370.261	944886.716	1450.000
579365.864	944884.337	1449.994
579361.897	944881.367	1450.000
579358.724	944877.502	1450.000
579355.560	944873.631	1450.000
579352.884	944869.425	1450.000
579350.550	944865.008	1450.000
579350.295	944860.530	1449.955
579354.993	944860.892	1450.000
579359.713	944862.526	1450.000
579364.607	944863.456	1449.999
579369.588	944863.884	1450.000
579374.568	944864.321	1450.000
579379.536	944864.882	1450.000
579384.500	944865.484	1450.003
579389.456	944866.143	1450.000
579394.412	944866.799	1450.000
579399.383	944867.334	1450.000
579404.355	944867.862	1450.000
579409.321	944868.439	1449.998
579414.283	944869.044	1450.000
579419.258	944869.549	1450.000
579424.232	944870.054	1450.000
579429.204	944870.587	1450.003
579434.182	944870.850	1450.000
579439.175	944870.579	1450.000
579444.167	944870.300	1450.000
579449.158	944870.233	1450.008
579454.144	944870.216	1450.000
579459.120	944869.723	1450.000
579464.094	944869.220	1450.000
579469.076	944868.892	1449.974
579474.067	944868.974	1450.001
579479.059	944868.698	1450.000
579484.051	944868.416	1450.000
579489.030	944868.422	1449.971
579493.989	944868.975	1450.001
579498.984	944869.199	1450.000
579503.979	944869.419	1450.000
579508.966	944869.746	1449.992
579513.933	944870.308	1450.001
579518.900	944870.887	1450.000
579523.862	944871.498	1450.000
579528.825	944872.108	1450.000
579533.762	944872.866	1449.993
579538.672	944873.792	1449.996
579543.566	944874.814	1450.000
579548.457	944875.854	1450.000
579553.350	944876.878	1450.016
579558.286	944877.640	1449.996
579563.130	944878.871	1449.998
579567.961	944880.159	1450.000
579572.800	944881.384	1450.000
579577.792	944881.513	1450.022
579582.755	944881.889	1450.005
579587.534	944883.327	1449.999
579592.284	944884.887	1450.000
579597.218	944885.682	1450.000
579602.159	944886.444	1450.000
579607.095	944887.227	1449.984
579611.893	944888.619	1450.024
579616.697	944889.997	1450.000
579621.483	944891.444	1450.000
579626.197	944893.085	1450.000
579630.745	944895.161	1450.000
579635.549	944896.196	1449.962
579640.424	944897.192	1449.999
579645.210	944898.627	1450.002
579649.988	944900.098	1450.000
579654.786	944901.499	1450.000
579659.615	944902.794	1450.000
579664.419	944904.176	1449.983
579669.187	944905.678	1450.004
579673.921	944907.284	1450.000
579678.587	944909.081	1450.000
579683.249	944910.887	1450.000
579687.893	944912.736	1450.000
579692.377	944914.947	1450.000
579697.230	944916.100	1449.986
579701.963	944917.704	1450.018
579706.666	944919.394	1450.004
579711.367	944921.098	1450.000
579716.124	944922.633	1450.000
579720.901	944924.111	1450.000
579725.775	944925.180	1450.020
579730.730	944925.529	1450.012
579735.728	944925.563	1450.000
579740.726	944925.696	1450.000
579745.725	944925.754	1450.015
579750.717	944925.506	1450.002
579755.669	944925.903	1450.000
579760.602	944926.720	1450.000
579765.535	944927.538	1450.000
579770.478	944928.283	1449.998
579775.412	944929.087	1450.000
579780.338	944929.947	1450.000
579785.263	944930.810	1450.000
579790.188	944931.672	1450.000
579795.113	944932.532	1450.000
579800.028	944933.450	1450.000
579804.943	944934.372	1450.000
579809.856	944935.300	1450.000
579814.716	944936.447	1450.000
579819.516	944937.848	1450.000
579824.317	944939.244	1450.000
579829.118	944940.643	1450.000
579833.844	944942.242	1450.000
579838.397	944944.308	1450.000
579842.958	944946.357	1449.994
579847.492	944948.463	1450.000
579852.079	944950.449	1450.002
579856.574	944952.640	1450.002
579861.082	944954.800	1450.001
579865.591	944956.961	1450.000
579870.098	944959.126	1450.000
579874.795	944960.716	1450.000
579879.684	944961.739	1450.006
579884.511	944962.974	1449.995
579889.248	944964.559	1449.997
579894.041	944965.918	1450.000
579898.984	944966.672	1450.000
579903.926	944967.427	1450.000
579908.870	944968.178	1450.000
579913.828	944968.667	1450.003
579918.822	944968.430	1450.000
579923.816	944968.184	1450.000
579928.808	944968.090	1449.983
579933.570	944967.657	1450.000
579937.737	944964.894	1450.000
579941.908	944962.137	1449.998
579946.133	944959.463	1450.000
579950.372	944956.812	1450.000
579954.804	944954.535	1450.011
579959.221	944952.205	1450.000
579963.767	944950.121	1450.000
579968.321	944948.058	1449.993
579973.005	944946.323	1450.000
579977.871	944945.173	1450.000
579982.737	944944.022	1450.000
579987.603	944942.873	1450.000
579992.470	944941.726	1450.000
579997.336	944940.578	1450.000
580002.206	944939.444	1450.000
580007.083	944938.345	1449.995
580011.984	944937.355	1450.002
580016.908	944936.487	1450.012
580021.756	944935.266	1450.001
580026.585	944933.970	1450.000
580031.414	944932.674	1450.000
580036.294	944931.588	1450.003
580041.171	944930.485	1450.000
580046.045	944929.372	1450.000
580050.939	944928.351	1450.005
580055.830	944927.313	1450.000
580060.723	944926.285	1450.000
580065.624	944925.292	1449.996
580070.545	944924.411	1450.001
580075.460	944923.494	1450.000
580080.367	944922.531	1450.000
580085.218	944921.334	1450.001
580090.026	944919.961	1450.000
580094.890	944918.840	1450.000
580099.765	944917.764	1450.002
580104.501	944916.163	1450.000
580109.210	944914.482	1450.000
580113.986	944913.054	1450.000
580118.913	944912.201	1450.000
580123.840	944911.356	1450.000
580128.767	944910.502	1449.998
580133.690	944909.631	1450.000
580138.617	944908.778	1450.000
580143.543	944907.922	1450.000
580148.470	944907.067	1450.000
580153.396	944906.213	1450.000
580158.323	944905.359	1450.000
580163.250	944904.510	1449.999
580168.185	944903.707	1450.000
580173.125	944902.932	1450.000
580178.062	944902.141	1450.003
580183.004	944901.382	1450.001
580187.962	944900.736	1450.000
580192.922	944900.106	1450.000
580197.882	944899.476	1450.000
580202.842	944898.848	1450.000
580207.803	944898.220	1450.000
580212.765	944897.611	1450.000
580217.750	944897.220	1449.999
580222.711	944896.596	1450.000
580227.666	944895.932	1450.000
580232.623	944895.280	1450.000
580237.612	944894.944	1450.000
580242.600	944894.602	1450.000
580247.588	944894.258	1450.000
580252.575	944893.898	1449.999
580257.515	944893.127	1450.000
580262.470	944892.463	1450.000
580267.423	944891.774	1450.000
580272.381	944891.133	1449.999
580277.090	944889.460	1450.000
580281.792	944887.760	1450.000
580286.494	944886.061	1450.000
580291.196	944884.361	1450.000
580295.899	944882.662	1450.000
580300.604	944880.969	1449.999
580305.320	944879.308	1450.000
580310.040	944877.659	1450.000
580314.776	944876.059	1450.007
580319.606	944874.782	1449.998
580324.497	944873.747	1450.000
580329.393	944872.732	1450.000
580334.290	944871.719	1450.000
580339.186	944870.707	1450.000
580344.083	944869.696	1450.000
580348.980	944868.685	1450.000
580353.876	944867.674	1450.000
580358.773	944866.663	1450.000
580363.670	944865.653	1450.000
580368.567	944864.642	1450.000
580373.463	944863.627	1450.000
580378.356	944862.600	1450.000
580383.250	944861.577	1450.000
580388.147	944860.567	1450.000
580393.044	944859.555	1450.000
580397.933	944858.508	1450.000
580402.823	944857.464	1450.000
580407.713	944856.422	1450.000
580412.603	944855.379	1450.000
580417.492	944854.330	1450.000
580422.380	944853.282	1450.000
580427.269	944852.233	1450.000
580432.145	944851.128	1450.004
580436.889	944849.553	1449.999
580441.606	944847.894	1450.000
580446.307	944846.192	1450.023
580450.845	944844.095	1449.996
580455.343	944841.911	1450.000
580459.835	944839.716	1450.000
580464.328	944837.521	1450.000
580468.820	944835.325	1450.000
580473.312	944833.130	1450.000
580477.885	944831.112	1450.000
580482.490	944829.164	1450.000
580487.099	944827.226	1449.995
580491.800	944825.523	1449.999
580496.459	944823.709	1450.000
580501.113	944821.881	1449.994
580505.827	944820.215	1449.999
580510.560	944818.603	1450.000
580515.263	944816.907	1449.999
580519.987	944815.272	1450.000
580524.738	944813.714	1450.000
580529.500	944812.189	1450.000
580534.288	944810.750	1450.002
580539.077	944809.312	1450.000
580543.869	944807.886	1450.000
580548.673	944806.499	1450.001
580553.514	944805.261	1450.000
580558.434	944804.368	1450.000
580563.353	944803.475	1449.999
580568.276	944802.597	1450.000
580573.199	944801.723	1450.000
580578.122	944800.849	1450.000
580583.045	944799.975	1450.000
580587.968	944799.101	1450.000
580592.891	944798.227	1450.000
580597.814	944797.355	1450.000
580602.737	944796.482	1450.000
580607.661	944795.610	1450.000
580612.584	944794.737	1450.000
580617.507	944793.863	1450.000
580622.430	944792.989	1450.000
580627.340	944792.047	1450.000
580632.191	944790.847	1450.008
580636.887	944789.132	1449.997
580641.554	944787.338	1450.000
580646.178	944785.435	1450.003
580650.757	944783.429	1449.999
580655.325	944781.395	1450.000
580659.892	944779.360	1450.000
580664.459	944777.325	1450.000
580669.026	944775.289	1450.000
580673.593	944773.255	1450.000
580678.161	944771.221	1450.000
580682.729	944769.188	1450.000
580687.297	944767.155	1450.000
580691.867	944765.126	1450.000
580696.563	944763.414	1450.000
580701.282	944761.761	1449.996
580706.035	944760.211	1450.000
580710.800	944758.695	1450.000
580715.634	944757.435	1450.000
580720.508	944756.316	1450.000
580725.381	944755.196	1450.000
580730.254	944754.079	1450.000
580735.120	944752.932	1449.999
580739.929	944751.567	1450.000
580744.715	944750.119	1450.000
580749.428	944748.475	1450.015
580753.860	944746.162	1450.000
580758.293	944743.850	1450.000
580762.694	944741.480	1450.000
580766.926	944738.818	1449.999
580771.147	944736.137	1450.000
580775.560	944733.811	1449.986
580779.959	944731.436	1450.000
580784.393	944729.126	1450.000
580788.774	944726.722	1449.998
580793.050	944724.137	1450.000
580797.553	944721.965	1449.998
580801.858	944719.434	1449.992
580805.741	944716.290	1450.000
580809.543	944713.043	1450.000
580813.128	944709.565	1449.999
580816.611	944705.981	1450.006
580818.918	944701.668	1449.996
580820.340	944696.874	1450.000
580821.787	944692.088	1450.000
580823.209	944687.366	1450.008
580821.078	944682.854	1449.992
580819.094	944678.282	1449.955
580817.445	944673.578	1450.005
580814.693	944669.491	1449.985
580810.931	944666.238	1449.997
580806.754	944663.492	1450.018
580802.536	944660.808	1450.000
580798.357	944658.068	1449.986
580794.254	944655.216	1450.006
580790.049	944652.511	1450.000
580786.063	944649.493	1450.000
580782.095	944646.452	1450.000
580778.159	944643.367	1450.000
580774.224	944640.283	1450.000
580770.599	944636.863	1450.000
580767.216	944633.181	1450.000
580764.262	944629.155	1450.000
580761.482	944625.001	1450.000
580758.803	944620.780	1450.014
580756.061	944616.601	1449.987
580753.374	944612.386	1449.999
580750.872	944608.061	1449.991
580753.238	944604.006	1450.000
580756.250	944600.015	1450.000
580759.370	944596.110	1450.002
580762.643	944592.330	1450.000
580765.842	944588.488	1450.000
580769.020	944584.628	1450.000
580772.188	944580.759	1450.000
580775.418	944576.943	1450.002
580778.355	944572.899	1450.001
580781.056	944568.692	1450.000
580783.728	944564.466	1450.002
580786.296	944560.176	1450.000
580788.821	944555.860	1450.000
580791.333	944551.537	1450.012
580793.562	944547.062	1450.000
580795.707	944542.545	1450.000
580797.843	944538.025	1450.006
580799.638	944533.358	1450.001
580801.268	944528.632	1450.000
580802.856	944523.891	1449.998
580804.577	944519.197	1449.999
580806.353	944514.523	1450.000
580807.687	944509.721	1450.000
580808.658	944504.817	1450.000
580809.605	944499.907	1450.000
580810.559	944494.999	1450.000
580811.430	944490.076	1450.000
580812.166	944485.131	1450.000
580812.859	944480.179	1450.000
580813.549	944475.227	1450.000
580814.302	944470.284	1450.000
580815.134	944465.354	1450.000
580815.979	944460.426	1450.000
580816.830	944455.499	1450.000
580817.881	944450.617	1450.000
580819.263	944445.812	1450.000
580820.716	944441.027	1449.998
580822.223	944436.260	1450.000
580823.682	944431.480	1450.000
580824.873	944426.624	1450.001
580826.156	944421.792	1449.999
580827.576	944416.997	1450.000
580828.996	944412.204	1450.003
580830.387	944407.402	1450.000
580831.993	944402.667	1450.001
580833.591	944397.929	1450.000
580835.305	944393.232	1450.002
580837.433	944388.710	1450.000
580839.674	944384.241	1450.000
580841.924	944379.775	1450.000
580844.164	944375.306	1450.000
580846.456	944370.863	1450.000
580848.844	944366.470	1450.000
580851.254	944362.089	1450.000
580853.663	944357.707	1450.000
580855.787	944353.183	1449.992
580857.558	944348.508	1450.000
580859.268	944343.810	1450.000
580860.287	944338.940	1449.980
580860.367	944333.954	1449.995
580860.569	944328.963	1450.000
580860.991	944323.981	1450.000
580861.694	944319.034	1450.012
580862.641	944314.126	1450.000
580864.027	944309.329	1450.000
580865.651	944304.601	1449.999
580867.298	944299.880	1450.000
580868.937	944295.156	1450.000
580870.607	944290.443	1449.998
580872.363	944285.762	1450.000
580874.252	944281.132	1450.000
580876.216	944276.536	1449.970
580878.975	944272.371	1450.000
580881.783	944268.234	1450.000
580884.554	944264.073	1450.000
580887.318	944259.906	1450.000
580890.070	944255.732	1450.000
580892.772	944251.528	1450.002
580895.116	944247.111	1450.000
580897.450	944242.690	1450.000
580899.988	944238.386	1450.000
580903.025	944234.416	1450.000
580905.727	944230.240	1450.000
580908.033	944225.805	1450.001
580910.462	944221.434	1450.000
580912.775	944217.015	1449.987
580914.262	944212.245	1449.999
580915.283	944207.351	1450.000
580916.252	944202.446	1450.000
580917.221	944197.540	1450.000
580918.584	944192.730	1449.999
580919.719	944187.861	1450.000
580920.773	944182.974	1450.000
580922.205	944178.186	1450.011
580923.919	944173.490	1450.000
580925.391	944168.714	1450.000
580927.341	944164.131	1450.005
580930.080	944159.951	1450.000
580932.838	944155.784	1450.003
580935.159	944151.367	1450.000
580936.987	944146.713	1450.000
580938.664	944142.003	1450.004
580940.435	944137.327	1450.000
580942.366	944132.715	1450.000
580944.151	944128.045	1450.000
580945.935	944123.374	1450.002
580947.761	944118.720	1450.000
580949.599	944114.070	1450.000
580951.621	944109.501	1450.006
580953.975	944105.091	1450.000
580956.404	944100.720	1450.000
580958.833	944096.350	1450.000
580961.195	944091.947	1450.000
580963.066	944087.310	1450.003
580964.940	944082.676	1450.000
580967.110	944078.172	1450.001
580969.309	944073.681	1450.000
580970.775	944068.924	1450.000
580971.811	944064.034	1450.000
580972.776	944059.128	1450.000
580973.699	944054.214	1450.009
580974.346	944049.257	1450.002
580974.886	944044.286	1450.000
580975.417	944039.315	1450.000
580975.599	944034.327	1449.976
580975.441	944029.334	1449.997
580975.112	944024.345	1450.000
580974.760	944019.357	1450.000
580974.408	944014.370	1450.000
580974.083	944009.381	1450.015
580973.837	944004.389	1450.006
580973.682	943999.391	1450.000
580973.554	943994.393	1450.000
580973.540	943989.394	1450.000
580973.708	943984.397	1450.000
580973.944	943979.403	1450.000
580974.433	943974.436	1449.947
580975.871	943969.653	1450.000
580977.293	943964.863	1450.000
580978.536	943960.020	1450.000
580979.644	943955.145	1450.000
580980.553	943950.230	1450.000
580981.198	943945.274	1450.000
580981.610	943940.292	1450.002
580981.877	943935.299	1450.000
580982.801	943930.448	1450.000
580984.817	943925.884	1449.985
580986.613	943921.232	1450.000
580988.072	943916.452	1450.000
580989.853	943911.795	1450.002
580992.617	943907.636	1450.000
580996.524	943904.517	1450.000
581000.434	943901.400	1450.001
581004.282	943898.208	1450.000
581008.106	943894.987	1450.000
581011.919	943891.753	1450.005
581015.778	943888.574	1450.000
581019.642	943885.400	1450.000
581023.219	943881.980	1450.000
581025.495	943877.528	1450.000
581027.752	943873.067	1450.000
581029.890	943868.547	1450.000
581031.945	943863.989	1450.000
581033.916	943859.394	1450.000
581035.951	943854.828	1450.003
581038.116	943850.321	1450.000
581040.210	943845.781	1450.000
581042.231	943841.208	1450.000
581044.272	943836.643	1450.000
581046.309	943832.077	1450.000
581048.357	943827.517	1450.000
581050.489	943822.995	1450.001
581052.429	943818.389	1450.002
581050.598	943814.225	1450.119
581045.783	943813.015	1449.998
581040.857	943812.155	1450.000
581035.927	943811.325	1450.004
581031.015	943810.411	1450.009
581026.188	943809.111	1450.000
581021.386	943807.719	1450.000
581016.593	943806.295	1450.000
581011.864	943804.718	1450.000
581007.502	943802.274	1450.000
581003.639	943799.100	1450.000
580999.777	943795.926	1450.000
580995.906	943792.764	1449.995
580992.437	943789.165	1450.000
580989.000	943785.557	1450.000
580985.671	943781.845	1450.000
580982.189	943778.259	1450.018
580978.647	943774.736	1450.000
580975.042	943771.285	1450.000
580971.336	943767.932	1450.008
580967.513	943764.711	1450.000
580963.810	943761.352	1450.000
580960.101	943757.999	1450.000
580956.391	943754.647	1449.998
580952.838	943751.138	1450.002
580949.110	943747.818	1449.995
580945.193	943744.712	1450.006
580940.851	943743.256	1449.999
580936.050	943744.643	1449.998
580931.293	943746.180	1450.000
580926.446	943747.390	1449.999
580921.504	943748.152	1450.000
580916.561	943748.903	1450.000
580911.615	943749.636	1449.988
580906.737	943750.578	1450.000
580902.158	943752.581	1450.000
580897.392	943754.093	1450.000
580892.628	943755.611	1450.000
580887.637	943755.480	1450.000
580882.971	943753.705	1450.000
580878.418	943751.666	1450.000
580874.068	943749.200	1450.000
580870.354	943746.011	1450.000
580867.433	943741.954	1450.000
580864.931	943737.624	1450.000
580862.430	943733.295	1450.000
580859.913	943728.975	1450.000
580857.436	943724.632	1450.000
580855.740	943719.948	1450.000
580854.388	943715.134	1450.000
580853.478	943710.243	1450.000
580854.529	943705.634	1450.015
580857.868	943702.010	1450.002
580862.285	943699.667	1450.000
580866.684	943697.291	1449.999
580871.158	943695.060	1449.999
580875.900	943693.519	1450.000
580880.719	943692.184	1450.000
580885.522	943690.794	1450.000
580890.419	943690.566	1450.013
580894.994	943692.299	1450.000
580899.383	943694.670	1450.000
580903.791	943697.030	1450.000
580908.219	943699.350	1450.000
580912.760	943701.443	1450.000
580917.411	943703.277	1450.000
580922.062	943705.111	1450.000
580926.715	943706.941	1450.003
580931.436	943708.585	1449.992
580936.198	943710.108	1450.000
580940.975	943711.583	1450.000
580945.756	943713.048	1450.000
580950.552	943714.462	1450.000
580955.363	943715.824	1450.000
580960.181	943717.159	1450.000
580964.983	943718.550	1450.000
580969.814	943719.830	1450.000
580974.719	943720.782	1450.000
580979.662	943721.534	1449.999
580984.609	943722.262	1450.000
580989.579	943722.764	1450.000
580994.574	943722.822	1450.000
580999.570	943722.618	1450.000
581004.426	943721.747	1450.000
581008.929	943719.627	1450.000
581013.021	943716.784	1449.966
581016.214	943712.953	1449.980
581018.691	943708.614	1450.000
581021.037	943704.198	1450.000
581023.001	943699.612	1450.000
581024.650	943694.892	1450.000
581025.930	943690.074	1450.000
581027.047	943685.216	1449.995
581029.584	943680.943	1450.000
581032.416	943676.823	1450.000
581037.173	943675.783	1449.982
581041.977	943677.128	1450.000
581046.766	943678.563	1450.000
581051.432	943680.353	1450.000
581055.946	943682.498	1450.000
581060.420	943684.729	1450.000
581064.897	943686.955	1450.000
581069.636	943688.425	1449.988
581074.360	943687.892	1450.005
581078.099	943684.605	1450.000
581081.696	943681.133	1450.006
581085.271	943677.637	1450.000
581088.834	943674.130	1450.000
581092.393	943670.618	1450.000
581095.944	943667.098	1450.000
581099.531	943663.615	1450.000
581103.065	943660.079	1450.000
581106.527	943656.471	1450.000
581109.924	943652.803	1450.000
581113.400	943649.209	1450.000
581116.892	943645.632	1450.000
581120.442	943642.111	1450.001
581123.868	943638.470	1450.000
581127.247	943634.785	1450.000
581130.657	943631.128	1449.996
581134.092	943627.495	1450.000
581137.557	943623.890	1450.000
581141.023	943620.287	1450.000
581144.493	943616.687	1450.000
581147.975	943613.099	1450.000
581151.588	943609.644	1450.004
581155.410	943606.421	1450.000
581159.250	943603.219	1450.000
581163.008	943599.922	1450.000
581166.657	943596.504	1450.000
581170.373	943593.159	1450.000
581174.185	943589.925	1450.000
581178.067	943586.774	1450.000
581181.972	943583.651	1450.000
581185.587	943580.204	1450.000
581189.158	943576.705	1450.000
581192.793	943573.271	1450.000
581196.599	943570.030	1450.000
581200.446	943566.836	1450.000
581204.302	943563.655	1450.011
581207.917	943560.203	1450.000
581211.730	943556.969	1450.000
581215.944	943554.308	1450.023
581220.474	943552.199	1450.000
581225.126	943550.367	1450.000
581229.825	943548.673	1449.995
581234.646	943547.350	1450.000
581239.493	943546.120	1450.000
581244.350	943544.937	1449.999
581249.240	943543.891	1450.000
581254.119	943542.802	1450.000
581258.985	943541.653	1450.009
581263.874	943540.611	1450.000
581268.767	943539.598	1450.000
581273.568	943538.208	1450.000
581278.249	943536.455	1450.000
581282.851	943534.500	1450.000
581287.453	943532.545	1450.000
581291.977	943530.416	1450.000
581296.426	943528.135	1450.000
581300.821	943525.753	1450.000
581305.286	943523.510	1450.005
581309.878	943521.531	1450.000
581314.468	943519.548	1450.000
581318.995	943517.433	1450.000
581323.342	943514.964	1450.000
581327.691	943512.495	1450.000
581331.860	943509.735	1450.000
581335.930	943506.836	1450.000
581339.814	943503.686	1450.000
581343.774	943500.637	1450.000
581347.824	943497.704	1450.000
581351.831	943494.714	1450.000
581356.074	943492.083	1450.000
581360.398	943489.573	1450.000
581364.673	943486.986	1449.996
581368.549	943483.838	1450.003
581372.495	943480.767	1450.000
581376.934	943478.468	1449.994
581381.475	943476.379	1450.015
581386.017	943474.296	1449.993
581388.812	943470.529	1450.015
581390.937	943466.028	1449.987
581393.628	943461.818	1450.000
581396.151	943457.500	1450.000
581398.934	943453.348	1450.000
581401.944	943449.357	1450.000
581405.034	943445.427	1450.001
581407.958	943441.371	1450.000
581410.880	943437.314	1450.000
581413.802	943433.257	1450.011
581417.064	943429.479	1450.000
581420.649	943426.010	1450.000
581424.459	943422.772	1450.001
581428.420	943419.893	1450.000
581433.254	943419.416	1450.000
581437.768	943421.566	1450.000
581442.329	943423.611	1450.003
581447.025	943425.328	1449.999
581451.565	943427.416	1450.002
581455.839	943430.005	1450.000
581459.896	943429.436	1450.020
581462.529	943425.203	1450.000
581465.319	943421.064	1450.000
581468.384	943417.114	1450.000
581471.480	943413.188	1450.000
581475.695	943410.674	1450.000
581480.254	943408.622	1450.000
581484.826	943406.597	1450.001
581489.539	943404.971	1450.000
581494.437	943404.019	1450.000
581499.406	943403.462	1450.000
581504.375	943402.905	1450.000
581509.341	943402.326	1449.995
581513.934	943400.745	1449.935
581517.122	943396.962	1449.998
581519.453	943392.538	1450.000
581521.729	943388.086	1450.000
581524.412	943383.915	1449.948
581528.687	943381.335	1450.000
581532.976	943378.767	1450.000
581537.203	943376.106	1449.993
581541.795	943374.129	1450.000
581546.389	943372.156	1450.000
581550.984	943370.196	1449.989
581555.888	943369.332	1450.000
581560.856	943368.769	1450.000
581565.824	943368.206	1450.000
581570.814	943368.046	1449.999
581575.811	943368.179	1450.000
581580.808	943368.351	1450.000
581585.805	943368.524	1450.000
581590.801	943368.504	1449.980
581595.796	943368.322	1450.000
581600.789	943368.058	1450.000
581605.782	943367.793	1450.000
581610.763	943368.030	1449.998
581615.650	943369.028	1450.000
581620.491	943370.277	1450.000
581625.333	943371.525	1450.000
581630.115	943372.972	1450.000
581634.730	943374.869	1449.994
581639.275	943376.948	1450.000
581643.762	943379.151	1450.000
581648.222	943381.408	1450.000
581652.535	943383.937	1450.000
581656.669	943386.749	1450.000
581660.886	943389.435	1450.000
581665.132	943392.074	1450.000
581669.389	943394.694	1450.000
581673.532	943397.480	1450.002
581677.564	943400.437	1450.002
581681.593	943403.373	1450.000
581685.524	943406.438	1449.961
581689.517	943409.422	1449.951
581693.535	943412.391	1450.000
581697.483	943415.453	1450.000
581701.401	943418.558	1450.053
581705.386	943421.576	1450.000
581709.339	943424.637	1450.000
581713.293	943427.697	1450.000
581717.249	943430.756	1450.000
581721.204	943433.814	1450.000
581725.160	943436.872	1450.000
581729.095	943439.957	1450.000
581732.993	943443.088	1450.000
581736.845	943446.275	1450.000
581740.722	943449.433	1450.000
581744.614	943452.571	1450.000
581748.528	943455.683	1450.000
581752.400	943458.847	1450.000
581756.217	943462.076	1450.000
581760.033	943465.306	1450.000
581763.863	943468.521	1450.000
581767.719	943471.703	1450.003
581771.608	943474.846	1450.000
581775.506	943477.978	1450.000
581779.403	943481.110	1450.000
581783.301	943484.242	1450.000
581787.198	943487.374	1450.000
581791.095	943490.506	1450.000
581794.993	943493.638	1450.000
581798.890	943496.770	1450.000
581802.788	943499.902	1450.000
581806.685	943503.034	1450.000
581810.583	943506.166	1450.000
581814.480	943509.299	1450.000
581818.378	943512.431	1450.000
581822.275	943515.563	1450.000
581826.173	943518.695	1450.000
581830.146	943521.728	1450.000
581834.207	943524.644	1450.000
581838.336	943527.464	1450.000
581842.484	943530.256	1450.000
581846.635	943533.042	1450.000
581850.991	943535.490	1450.000
581855.541	943537.547	1450.000
581860.110	943539.574	1450.007
581864.681	943541.596	1450.000
581869.258	943543.605	1450.000
581873.926	943545.394	1450.000
581878.658	943547.008	1450.000
581883.391	943548.621	1450.000
581888.122	943550.236	1449.999
581892.843	943551.884	1450.000
581897.569	943553.517	1450.000
581902.293	943555.156	1450.000
581907.017	943556.794	1450.000
581911.591	943558.808	1450.000
581915.999	943561.162	1450.000
581920.370	943563.590	1450.000
581924.767	943565.968	1449.990
581929.162	943568.344	1450.002
581933.661	943570.525	1450.000
581938.147	943572.732	1450.000
581942.705	943574.788	1450.000
581947.263	943576.843	1450.000
581951.869	943578.790	1450.000
581956.517	943580.631	1450.000
581961.173	943582.455	1450.000
581965.823	943584.291	1450.003
581970.478	943586.118	1450.000
581975.086	943588.046	1450.000
581979.545	943590.308	1450.000
581983.992	943592.590	1450.000
581988.087	943595.450	1450.000
581992.498	943597.804	1450.000
581997.230	943599.420	1450.000
582001.832	943601.318	1449.932
582006.223	943603.692	1450.113
582010.891	943605.480	1450.000
582015.693	943606.834	1450.000
582020.561	943607.979	1450.000
582025.425	943609.136	1450.000
582030.305	943610.222	1449.997
582035.232	943611.054	1450.000
582040.186	943611.730	1450.000
582045.141	943612.407	1450.000
582050.079	943613.184	1450.000
582055.012	943613.998	1450.000
582059.948	943614.793	1450.000
582064.891	943615.551	1450.000
582069.823	943616.370	1450.000
582074.733	943617.312	1449.999
582079.644	943618.241	1450.004
582084.576	943619.063	1450.000
582089.513	943619.850	1450.000
582094.457	943620.599	1450.000
582099.406	943621.312	1449.996
582104.358	943622.002	1450.000
582109.331	943622.461	1450.000
582114.326	943622.437	1450.000
582119.314	943622.093	1449.996
582124.288	943621.611	1450.000
582129.249	943620.992	1450.000
582134.227	943620.532	1450.000
582139.208	943620.106	1449.997
582144.161	943619.432	1450.000
582149.101	943618.665	1450.000
582154.067	943618.087	1450.000
582159.031	943617.524	1450.000
582163.950	943616.627	1450.000
582168.818	943615.534	1450.000
582173.517	943613.836	1449.979
582178.178	943612.027	1450.000
582182.813	943610.152	1450.000
582187.448	943608.276	1450.000
582191.994	943606.195	1450.000
582196.256	943603.589	1450.000
582200.523	943600.984	1449.983
582205.021	943598.806	1450.000
582209.563	943596.715	1450.000
582214.089	943594.591	1449.999
582218.621	943592.479	1450.000
582223.146	943590.351	1450.000
582227.668	943588.218	1450.007
582231.846	943585.479	1450.000
582236.092	943582.841	1450.000
582240.336	943580.197	1450.004
582244.468	943577.382	1450.000
582248.644	943574.641	1450.000
582253.056	943572.301	1450.000
582257.735	943570.539	1450.000
582262.414	943568.776	1450.000
582267.090	943567.007	1450.028
582271.516	943564.682	1450.000
582276.125	943562.757	1450.001
582281.008	943561.814	1450.000
582285.969	943561.191	1450.000
582290.860	943560.184	1450.000
582295.617	943558.665	1450.000
582300.486	943557.768	1450.007
582305.478	943557.505	1450.000
582310.474	943557.519	1450.000
582315.452	943557.944	1450.000
582320.432	943558.358	1449.994
582325.423	943558.648	1450.000
582330.377	943559.258	1450.000
582335.226	943560.441	1450.000
582340.024	943561.847	1450.000
582344.846	943563.158	1450.002
582349.762	943563.778	1450.000
582354.676	943563.106	1450.000
582359.490	943561.754	1450.002
582364.322	943560.473	1450.000
582369.140	943559.145	1450.000
582373.870	943557.529	1450.000
582378.567	943555.817	1450.000
582383.314	943554.247	1450.000
582388.091	943552.833	1450.000
582393.075	943552.711	1450.004
582397.989	943553.629	1450.000
582402.905	943554.542	1450.000
582407.820	943555.463	1450.000
582412.710	943556.504	1449.997
582417.570	943557.676	1450.002
582422.475	943558.647	1450.000
582427.381	943559.611	1450.000
582432.362	943560.038	1450.000
582437.359	943559.901	1450.000
582442.352	943559.628	1450.000
582447.337	943559.247	1450.000
582452.247	943558.310	1450.000
582457.029	943556.853	1449.998
582461.829	943555.452	1450.000
582466.629	943554.055	1450.000
582471.591	943553.940	1450.000
582476.521	943554.607	1449.977
582481.479	943555.026	1450.000
582486.476	943555.199	1450.000
582491.076	943556.973	1450.000
582494.992	943560.001	1450.000
582498.639	943563.420	1450.000
582502.287	943566.840	1450.000
582506.227	943569.903	1450.000
582510.597	943572.282	1449.998
582515.450	943573.193	1449.994
582520.441	943573.472	1450.000
582525.435	943573.712	1450.000
582530.431	943573.918	1450.000
582535.428	943573.930	1449.994
582540.426	943573.781	1450.000
582545.422	943573.584	1450.000
582550.353	943574.123	1450.000
582555.042	943575.770	1450.000
582559.571	943577.889	1450.001
582564.113	943579.979	1450.000
582568.662	943582.054	1450.000
582573.225	943584.098	1450.000
582577.802	943586.111	1450.000
582582.382	943588.116	1450.000
582586.970	943590.104	1450.000
582591.577	943592.048	1449.998