582216.798	943644.488	1500.000
582225.930	943640.581	1500.000
582234.808	943635.999	1499.998
582243.846	943631.727	1500.000
582253.205	943628.238	1500.000
582262.983	943626.149	1499.985
582272.586	943623.376	1500.000
582282.384	943621.374	1500.000
582292.108	943619.061	1500.000
582301.587	943615.878	1500.005
582310.749	943612.151	1499.999
582320.417	943614.041	1500.001
582330.187	943616.145	1500.000
582340.062	943617.714	1500.000
582349.981	943618.969	1500.000
582359.963	943619.499	1500.001
582369.954	943619.242	1500.000
582379.864	943617.941	1500.000
582389.732	943616.323	1500.000
582399.687	943615.636	1500.000
582409.683	943615.903	1500.000
582419.662	943616.492	1500.000
582429.618	943617.388	1500.000
582439.576	943616.816	1500.000
582449.439	943615.811	1499.996
582458.770	943619.190	1500.000
582466.753	943624.322	1499.986
582464.571	943633.534	1500.000
582459.072	943641.875	1500.007
582452.984	943649.768	1500.000
582446.274	943657.111	1500.000
582439.986	943664.884	1500.000
582435.183	943673.595	1500.008
582428.926	943681.327	1500.000
582422.304	943688.783	1500.000
582415.068	943695.682	1500.001
582408.039	943702.790	1500.000
582399.118	943707.064	1500.000
582389.652	943710.281	1499.999
582380.281	943713.759	1500.000
582370.965	943717.318	1500.000
582362.807	943723.020	1500.003
582355.192	943729.471	1500.000
582346.004	943732.951	1499.992
582336.079	943733.956	1499.954
582327.437	943738.199	1500.000
582320.323	943745.194	1500.000
582312.378	943751.263	1500.000
582304.230	943757.057	1500.000
582295.599	943762.049	1500.000
582286.343	943765.818	1499.984
582276.601	943768.066	1500.000
582266.810	943770.061	1500.000
582257.049	943772.232	1500.000
582250.783	943778.813	1500.002
582248.256	943788.485	1499.983
582243.582	943797.304	1500.000
582238.454	943805.889	1500.000
582232.963	943814.230	1499.996
582226.415	943821.787	1500.000
582217.975	943826.813	1500.000
582208.887	943830.948	1500.006
582200.653	943836.600	1500.000
582191.674	943840.883	1500.000
582182.931	943845.704	1499.997
582174.665	943851.332	1500.000
582166.991	943857.720	1500.000
582159.733	943864.599	1500.000
582152.424	943871.423	1500.002
582145.367	943878.504	1500.000
582138.774	943885.985	1500.000
582132.774	943893.985	1500.000
582125.610	943900.915	1500.000
582119.735	943908.719	1500.000
582118.431	943918.540	1500.024
582117.802	943928.463	1499.997
582113.353	943932.808	1500.000
582103.579	943930.710	1500.000
582093.807	943928.589	1500.000
582083.884	943928.372	1500.000
582073.965	943929.645	1500.000
582064.164	943930.508	1500.000
582054.544	943933.198	1500.002
582045.037	943932.019	1500.000
582044.541	943923.414	1500.043
582042.375	943913.700	1500.000
582042.389	943903.759	1499.997
582042.457	943893.760	1500.000
582038.115	943885.959	1500.015
582028.665	943882.774	1500.000
582019.932	943877.937	1500.001
582011.178	943873.154	1500.000
582003.845	943866.477	1499.941
581998.734	943858.040	1500.034
581993.165	943849.816	1500.000
581985.127	943844.334	1500.000
581975.823	943840.667	1500.001
581966.157	943838.395	1500.000
581956.233	943837.722	1500.000
581946.429	943836.175	1500.000
581936.454	943836.874	1499.990
581927.225	943834.017	1500.000
581924.232	943824.978	1500.000
581925.118	943815.024	1500.002
581926.109	943805.113	1499.996
581927.305	943796.340	1499.996
581917.590	943798.685	1500.000
581907.788	943800.536	1500.000
581897.814	943800.001	1500.000
581888.102	943797.787	1500.000
581879.156	943793.333	1500.000
581870.825	943787.831	1499.994
581864.105	943780.440	1500.000
581857.468	943772.961	1500.001
581849.539	943767.038	1500.000
581839.739	943765.516	1500.000
581829.767	943764.801	1500.000
581819.772	943764.932	1500.000
581809.808	943765.632	1500.000
581800.115	943768.035	1500.000
581790.452	943770.606	1500.009
581780.814	943773.257	1500.000
581771.135	943775.760	1500.000
581761.723	943779.124	1499.989
581752.824	943783.667	1500.000
581744.286	943788.819	1500.000
581736.212	943794.716	1500.000
581727.510	943799.569	1500.000
581718.825	943803.785	1500.000
581711.472	943810.117	1500.002
581703.263	943806.091	1499.989
581697.531	943797.904	1500.001
581691.700	943789.788	1499.999
581686.531	943781.230	1500.000
581681.550	943772.559	1500.000
581675.477	943764.875	1500.010
581665.873	943762.187	1500.000
581656.222	943759.574	1500.000
581646.419	943758.684	1500.000
581636.572	943760.025	1500.000
581626.605	943760.158	1500.000
581616.782	943762.029	1500.000
581606.929	943763.720	1499.977
581597.290	943766.216	1500.000
581587.752	943769.204	1500.003
581578.480	943772.946	1500.000
581569.038	943776.240	1500.000
581559.593	943779.522	1500.011
581550.336	943783.197	1500.000
581540.416	943784.021	1500.000
581530.473	943784.658	1500.000
581520.844	943782.148	1499.998
581511.411	943778.833	1500.000
581501.711	943776.565	1499.995
581491.713	943776.478	1500.000
581481.747	943775.700	1500.000
581471.803	943774.644	1500.000
581461.880	943773.404	1500.000
581451.960	943772.147	1500.004
581442.033	943770.951	1500.000
581432.121	943769.630	1499.997
581422.152	943769.066	1500.000
581412.153	943768.955	1499.995
581402.170	943768.847	1500.000
581392.178	943769.223	1500.001
581382.197	943769.617	1500.000
581372.254	943770.550	1500.000
581363.358	943775.072	1500.000
581354.754	943780.170	1500.000
581346.350	943785.582	1500.003
581338.422	943791.676	1500.000
581330.812	943798.156	1500.000
581323.415	943804.882	1500.001
581316.777	943812.355	1500.000
581310.571	943820.195	1500.000
581304.645	943828.243	1500.000
581298.333	943835.987	1500.000
581294.294	943845.042	1500.000
581290.787	943854.403	1500.000
581286.938	943863.633	1499.984
581284.544	943873.292	1500.000
581283.431	943883.229	1499.994
581281.737	943893.082	1500.000
581279.776	943902.885	1500.000
581278.157	943912.751	1500.004
581277.389	943922.696	1500.025
581286.612	943925.086	1500.000
581296.508	943923.686	1499.999
581306.089	943920.863	1500.000
581315.698	943918.142	1500.004
581325.553	943916.461	1500.005
581335.500	943916.605	1499.975
581345.157	943919.066	1500.000
581355.052	943920.004	1500.000
581364.795	943922.021	1499.998
581374.163	943925.486	1499.973
581376.921	943931.749	1499.981
581369.667	943938.601	1500.000
581362.280	943945.336	1500.000
581354.708	943951.846	1500.000
581346.191	943957.065	1500.000
581337.457	943961.934	1500.000
581328.658	943966.679	1500.000
581319.875	943971.458	1500.000
581310.893	943975.846	1500.000
581301.931	943980.282	1500.002
581293.513	943985.672	1500.000
581284.677	943990.313	1500.000
581275.489	943994.233	1500.000
581265.864	943996.868	1499.997
581256.053	943998.797	1500.000
581246.182	944000.345	1500.004
581236.206	944000.515	1500.000
581226.231	944000.519	1500.010
581216.390	943999.557	1500.000
581206.772	943999.469	1499.995
581197.382	944002.780	1499.996
581188.126	944005.446	1499.999
581181.830	944012.746	1500.002
581185.122	944022.154	1500.000
581187.104	944031.944	1500.000
581184.908	944041.657	1500.000
581184.563	944051.627	1500.000
581182.680	944061.424	1500.002
581176.147	944068.841	1500.006
581169.068	944075.903	1500.000
581161.665	944082.552	1500.000
581152.253	944085.931	1500.000
581142.643	944088.695	1500.000
581133.435	944092.388	1499.994
581134.908	944102.086	1500.000
581136.031	944112.006	1500.006
581133.851	944121.637	1500.000
581130.224	944130.953	1500.004
581127.028	944140.428	1499.998
581120.076	944146.942	1500.000
581110.814	944150.702	1499.979
581101.462	944154.239	1500.002
581091.885	944156.990	1500.002
581081.895	944156.993	1499.995
581071.921	944156.789	1500.175
581070.810	944166.519	1499.999
581070.245	944176.502	1500.000
581069.425	944186.468	1500.001
581068.418	944196.398	1500.043
581070.963	944206.030	1500.000
581073.363	944215.707	1500.030
581077.014	944224.692	1500.000
581081.031	944233.732	1500.005
581087.980	944240.879	1499.996
581089.021	944249.675	1499.976
581079.311	944248.775	1500.009
581072.205	944242.847	1500.002
581068.797	944233.739	1499.942
581059.509	944230.618	1499.997
581050.362	944229.821	1500.019
581041.457	944225.424	1500.000
581032.697	944220.601	1500.000
581023.574	944216.508	1500.000
581014.438	944212.442	1500.000
581005.069	944208.974	1500.000
580995.657	944205.645	1500.016
580986.498	944206.008	1500.020
580978.094	944211.158	1500.006
580972.381	944218.461	1500.005
580970.600	944228.285	1500.011
580966.391	944237.270	1499.991
580958.680	944243.545	1499.995
580952.003	944244.971	1499.998
580954.984	944236.016	1500.000
580958.779	944226.777	1499.991
580961.612	944217.189	1500.000
580964.251	944207.544	1500.000
580969.399	944199.385	1499.972
580976.449	944192.478	1499.998
580982.542	944184.774	1500.000
580987.746	944176.254	1499.998
580992.577	944167.546	1500.001
580996.569	944158.378	1500.000
581001.226	944149.570	1500.000
581006.604	944141.150	1500.003
581011.186	944132.262	1499.999
581016.336	944123.693	1500.000
581021.454	944115.103	1500.000
581026.268	944106.339	1500.023
581029.893	944097.022	1500.000
581032.920	944087.504	1500.000
581035.389	944077.814	1500.000
581036.535	944067.925	1499.999
581036.356	944057.926	1500.000
581036.807	944047.939	1500.002
581037.333	944037.953	1500.000
581038.525	944028.025	1500.000
581039.850	944018.114	1500.000
581041.430	944008.246	1500.000
581043.527	943998.469	1499.997
581045.984	943988.797	1500.000
581052.684	943981.622	1500.000
581059.248	943974.625	1500.000
581061.348	943964.892	1500.000
581062.317	943954.939	1500.000
581063.127	943944.973	1500.000
581064.095	943935.022	1500.000
581066.953	943925.508	1500.005
581070.015	943915.992	1500.000
581073.949	943906.839	1500.000
581077.766	943897.596	1500.000
581081.945	943888.515	1500.000
581086.855	943879.806	1500.000
581092.138	943871.326	1499.994
581099.092	943864.145	1500.000
581103.881	943855.554	1500.000
581106.972	943846.054	1500.006
581109.030	943836.268	1500.000
581110.899	943826.448	1500.000
581112.595	943816.593	1499.995
581113.034	943806.645	1500.000
581112.679	943796.651	1499.997
581111.928	943786.685	1500.000
581110.749	943776.755	1500.000
581107.047	943767.928	1500.014
581099.954	943760.970	1500.000
581093.666	943753.199	1500.000
581098.938	943745.739	1500.004
581107.566	943740.694	1500.000
581115.320	943734.395	1499.988
581122.256	943727.192	1500.000
581129.174	943719.973	1500.000
581135.956	943712.625	1499.999
581142.507	943705.070	1500.000
581149.090	943697.542	1500.000
581155.676	943690.018	1500.000
581162.203	943682.442	1500.000
581168.803	943674.930	1500.000
581175.397	943667.414	1500.000
581182.131	943660.025	1500.000
581189.375	943653.131	1500.000
581196.816	943646.452	1500.000
581204.518	943640.075	1500.000
581212.323	943633.824	1500.000
581219.769	943627.150	1500.000
581227.323	943620.597	1500.000
581234.828	943613.994	1499.994
581243.031	943608.276	1500.000
581251.500	943602.965	1500.000
581259.959	943597.631	1500.000
581268.505	943592.444	1500.001
581277.329	943587.741	1500.000
581286.261	943583.245	1500.003
581295.658	943579.877	1500.000
581304.977	943576.293	1500.000
581314.136	943572.281	1500.000
581323.377	943568.457	1500.000
581332.419	943564.204	1500.000
581341.570	943560.175	1500.001
581350.553	943555.782	1500.000
581359.579	943551.487	1500.000
581368.784	943547.580	1499.999
581378.199	943544.229	1500.000
581387.872	943541.765	1500.000
581397.419	943538.812	1500.000
581407.091	943536.277	1500.000
581416.716	943533.595	1499.978
581426.090	943530.116	1500.000
581435.606	943527.050	1499.999
581442.600	943520.613	1500.000
581445.221	943511.005	1499.997
581449.755	943502.699	1500.000
581457.965	943497.402	1500.000
581467.528	943500.093	1500.000
581477.464	943499.706	1500.000
581487.232	943497.576	1500.000
581496.674	943494.323	1499.992
581501.867	943486.180	1499.990
581506.683	943477.417	1499.998
581512.213	943469.140	1500.016
581519.489	943462.282	1500.001
581527.038	943455.724	1500.000
581534.873	943449.512	1500.000
581542.856	943443.491	1500.004
581550.740	943437.344	1500.000
581559.144	943431.936	1500.000
581567.684	943426.739	1499.998
581575.477	943420.474	1500.008
581584.769	943418.634	1499.998
581594.655	943420.122	1500.000
581604.519	943421.767	1500.000
581614.177	943424.287	1500.000
581623.555	943427.759	1500.000
581632.908	943431.297	1500.000
581642.178	943435.047	1500.000
581651.413	943438.882	1500.000
581660.513	943443.025	1500.000
581669.599	943447.200	1500.000
581678.468	943451.816	1500.000
581687.276	943456.552	1500.000
581695.506	943462.218	1500.000
581703.494	943468.231	1500.000
581711.838	943473.738	1500.000
581720.463	943478.798	1500.000
581729.083	943483.867	1500.000
581737.622	943489.071	1500.000
581746.150	943494.293	1500.000
581754.532	943499.745	1500.000
581762.779	943505.400	1500.002
581770.996	943511.092	1499.963
581779.130	943516.900	1500.000
581787.219	943522.776	1500.021
581795.209	943528.788	1500.000
581803.210	943534.787	1500.000
581811.211	943540.786	1500.000
581819.079	943546.957	1500.000
581827.005	943553.054	1500.000
581835.495	943558.319	1500.000
581844.189	943563.250	1499.978
581853.084	943567.788	1500.000
581862.439	943571.320	1500.000
581871.794	943574.853	1500.000
581881.213	943578.201	1500.020
581890.585	943581.687	1500.000
581899.949	943585.197	1500.000
581909.145	943589.080	1500.004
581917.437	943594.595	1500.000
581924.968	943601.173	1500.000
581932.418	943607.843	1499.999
581939.909	943614.466	1500.000
581947.517	943620.955	1500.000
581955.876	943626.423	1500.000
581964.771	943630.986	1500.000
581973.990	943634.826	1500.005
581983.524	943637.835	1500.000
581993.120	943640.650	1500.000
582002.759	943643.310	1500.000
582012.354	943646.125	1500.000
582021.791	943649.432	1500.000
582031.182	943652.864	1500.000
582040.570	943656.302	1500.000
582050.070	943659.404	1500.000
582059.879	943661.314	1500.000
582069.732	943663.024	1500.000
582079.578	943664.769	1500.000
582089.450	943666.311	1500.000
582099.439	943666.318	1500.000
582109.427	943666.159	1500.000
582119.155	943664.038	1500.000
582128.983	943662.416	1500.000
582138.978	943662.192	1499.991
582148.939	943661.600	1500.000
582158.815	943662.976	1500.000
582168.695	943664.353	1500.000
582178.599	943663.161	1500.000
582188.297	943660.863	1500.000
582196.702	943655.514	1499.992
582204.988	943649.923	1500.000
