582595.830	943534.794	1400.017
582599.924	943537.659	1399.999
582603.954	943540.609	1400.000
582608.017	943543.515	1400.000
582612.352	943546.006	1400.000
582616.965	943547.931	1400.000
582621.593	943549.824	1400.000
582626.221	943551.717	1400.000
582630.887	943553.512	1400.000
582635.599	943555.183	1400.000
582640.327	943556.810	1400.000
582645.055	943558.438	1400.000
582649.782	943560.066	1400.000
582654.509	943561.694	1400.000
582659.237	943563.323	1400.000
582663.954	943564.981	1400.000
582668.645	943566.705	1400.000
582673.242	943568.669	1400.000
582677.771	943570.787	1400.000
582682.299	943572.908	1400.000
582686.822	943575.041	1400.000
582691.335	943577.192	1400.000
582695.840	943579.361	1400.000
582700.339	943581.543	1399.999
582704.833	943583.735	1399.999
582709.324	943585.933	1400.000
582713.757	943588.238	1400.000
582718.060	943590.784	1400.000
582722.268	943593.474	1400.000
582726.280	943596.458	1400.000
582730.320	943599.404	1400.000
582734.391	943602.306	1400.000
582738.484	943605.178	1400.000
582742.536	943608.105	1400.000
582746.409	943611.266	1400.000
582750.183	943614.542	1400.000
582753.915	943617.868	1400.000
582757.712	943621.120	1400.004
582761.522	943624.356	1400.000
582765.331	943627.592	1400.000
582769.408	943630.483	1400.008
582773.731	943632.986	1399.998
582778.251	943635.123	1400.000
582782.770	943637.262	1400.000
582787.289	943639.402	1400.000
582791.476	943642.131	1400.000
582795.376	943645.250	1400.000
582799.197	943648.474	1400.000
582803.041	943651.671	1400.000
582806.891	943654.862	1400.000
582810.798	943657.982	1400.000
582814.781	943661.002	1400.000
582818.814	943663.958	1400.000
582822.858	943666.898	1399.986
582826.809	943669.962	1400.000
582830.862	943672.887	1400.000
582834.952	943675.760	1400.000
582839.108	943678.540	1399.999
582843.262	943681.322	1400.000
582847.416	943684.106	1400.000
582851.579	943686.874	1400.000
582855.725	943689.669	1400.000
582859.866	943692.471	1400.000
582863.973	943695.323	1400.000
582868.114	943698.120	1400.000
582872.468	943700.579	1400.000
582877.052	943702.576	1400.000
582881.637	943704.570	1400.000
582886.198	943706.611	1399.980
582890.850	943708.442	1400.002
582895.641	943709.841	1400.000
582900.497	943711.035	1400.000
582905.342	943712.267	1400.000
582910.059	943713.908	1400.001
582914.813	943715.451	1400.000
582919.602	943716.890	1400.000
582924.422	943718.209	1399.996
582929.324	943719.183	1400.000
582934.260	943719.979	1400.000
582939.209	943720.679	1400.017
582944.199	943720.921	1400.007
582949.189	943721.056	1399.962
582953.857	943722.484	1399.999
582950.263	943725.869	1400.020
582947.171	943729.770	1400.000
582943.784	943733.448	1400.000
582940.217	943736.943	1399.999
582936.253	943739.987	1400.000
582932.201	943742.916	1399.998
582928.025	943745.665	1399.999
582923.928	943748.531	1400.000
582919.837	943751.406	1400.000
582915.620	943754.080	1400.023
582910.972	943755.769	1400.000
582906.008	943756.245	1400.000
582901.009	943756.165	1400.000
582896.011	943756.185	1400.017
582891.029	943756.575	1400.000
582886.033	943756.674	1400.000
582881.036	943756.502	1400.000
582876.039	943756.349	1400.002
582871.045	943756.417	1400.000
582866.085	943757.009	1400.000
582861.174	943757.947	1400.002
582856.246	943758.784	1400.000
582851.291	943759.451	1400.000
582846.331	943760.083	1400.000
582841.385	943760.793	1400.016
582836.646	943762.369	1400.000
582831.952	943763.964	1400.000
582827.017	943763.506	1400.003
582822.516	943761.327	1400.000
582818.044	943759.092	1399.998
582813.589	943756.823	1400.003
582809.128	943754.565	1400.000
582804.676	943752.288	1400.000
582800.242	943749.978	1400.000
582795.807	943747.669	1400.000
582791.477	943745.186	1400.000
582787.417	943742.268	1400.000
582783.698	943738.926	1400.000
582779.980	943735.584	1400.000
582776.266	943732.237	1400.000
582772.617	943728.819	1400.000
582768.211	943726.468	1400.000
582763.367	943725.386	1400.003
582758.453	943724.467	1400.000
582753.548	943723.499	1400.000
582748.588	943723.690	1400.000
582743.873	943725.252	1400.000
582739.229	943727.105	1400.000
582734.587	943728.962	1400.000
582729.924	943730.757	1400.002
582725.129	943732.167	1400.000
582720.328	943733.562	1400.000
582715.512	943734.905	1400.001
582710.612	943735.864	1400.000
582705.641	943736.370	1400.000
582700.649	943736.660	1400.000
582695.684	943737.165	1400.003
582690.760	943737.976	1400.000
582685.773	943738.137	1400.000
582680.781	943737.872	1399.996
582675.797	943737.856	1400.000
582670.862	943737.804	1400.000
582666.173	943736.206	1400.000
582661.865	943733.668	1400.000
582657.600	943731.060	1400.000
582653.371	943728.392	1400.000
582648.569	943728.127	1400.044
582646.742	943732.415	1400.000
582645.979	943737.356	1400.000
582645.222	943742.299	1400.000
582644.558	943747.254	1400.000
582644.014	943752.224	1400.000
582643.511	943757.199	1400.000
582643.010	943762.174	1400.000
582642.254	943767.116	1400.000
582640.943	943771.938	1400.000
582639.146	943776.601	1400.000
582637.269	943781.236	1400.000
582635.379	943785.864	1400.000
582633.495	943790.496	1400.000
582631.080	943794.840	1400.000
582628.206	943798.931	1400.000
582625.285	943802.989	1400.000
582622.378	943807.057	1400.000
582619.509	943811.152	1400.000
582616.666	943815.265	1400.000
582613.940	943819.456	1400.000
582611.246	943823.668	1400.000
582608.487	943827.833	1399.992
582604.463	943830.767	1400.000
582600.270	943833.491	1400.000
582595.835	943835.642	1399.940
582590.876	943835.553	1400.000
582585.912	943834.955	1400.000
582580.951	943834.332	1400.000
582576.002	943833.633	1400.019
582571.056	943832.920	1400.000
582566.133	943832.053	1400.000
582561.185	943831.332	1400.000
582556.238	943830.611	1400.000
582551.281	943829.964	1400.000
582546.302	943829.515	1400.000
582541.323	943829.057	1400.000
582536.344	943828.599	1400.000
582531.360	943828.258	1399.992
582526.361	943828.268	1400.000
582521.362	943828.386	1400.000
582516.364	943828.505	1400.000
582511.392	943828.844	1400.002
582506.572	943830.119	1400.000
582501.981	943832.100	1400.000
582497.394	943834.088	1399.998
582493.090	943836.621	1399.982
582489.009	943839.507	1400.000
582484.922	943842.387	1400.000
582480.908	943845.367	1400.000
582476.938	943848.407	1400.000
582472.947	943851.419	1400.000
582468.747	943854.129	1400.000
582464.301	943856.395	1400.000
582459.767	943858.503	1400.001
582455.307	943860.761	1400.000
582450.908	943863.136	1400.000
582446.622	943865.703	1400.010
582442.968	943869.104	1400.000
582439.479	943872.685	1400.000
582436.290	943876.504	1400.063
582435.421	943881.411	1400.000
582434.756	943886.366	1400.000
582434.091	943891.322	1400.000
582433.426	943896.277	1400.000
582432.761	943901.233	1400.000
582432.097	943906.189	1400.000
582431.400	943911.140	1400.000
582430.677	943916.087	1400.000
582429.946	943921.034	1400.000
582429.216	943925.980	1400.000
582427.931	943930.792	1400.007
582425.954	943935.380	1400.000
582423.838	943939.910	1400.000
582420.922	943943.782	1400.000
582416.858	943946.696	1400.000
582412.883	943949.727	1400.000
582408.299	943951.665	1400.018
582403.442	943952.807	1400.000
582398.541	943953.799	1400.000
582393.629	943954.732	1399.999
582388.686	943955.477	1400.000
582383.727	943956.121	1400.000
582378.766	943956.745	1400.000
582373.810	943957.405	1400.000
582368.858	943958.093	1400.000
582363.907	943958.794	1400.000
582358.969	943959.573	1400.004
582354.068	943960.563	1400.000
582349.160	943961.512	1400.000
582344.228	943962.337	1400.000
582339.324	943963.302	1400.000
582334.437	943964.358	1400.000
582329.585	943965.558	1400.000
582324.756	943966.853	1400.001
582319.901	943968.050	1400.000
582315.037	943969.209	1400.000
582310.418	943970.970	1400.024
582306.807	943974.417	1400.000
582303.565	943978.224	1400.000
582300.776	943982.338	1400.005
582299.361	943987.132	1400.000
582297.105	943991.586	1400.000
582294.219	943995.655	1400.000
582290.974	943999.445	1400.004
582287.372	944002.913	1400.000
582283.561	944006.148	1400.000
582279.738	944009.372	1400.000
582275.911	944012.589	1400.000
582272.055	944015.772	1400.000
582268.193	944018.947	1400.000
582264.330	944022.122	1400.000
582260.467	944025.297	1400.000
582256.607	944028.474	1399.998
582252.767	944031.676	1399.999
582249.377	944035.345	1399.997
582246.092	944039.115	1399.995
582242.811	944042.887	1400.000
582239.504	944046.637	1399.998
582236.867	944050.856	1400.023
582237.118	944055.617	1400.000
582238.471	944060.430	1400.000
582239.986	944065.193	1400.000
582241.999	944069.763	1400.000
582244.638	944073.969	1400.000
582247.895	944077.763	1400.000
582251.155	944081.553	1400.000
582254.625	944085.145	1400.000
582258.241	944088.598	1400.000
582261.858	944092.051	1400.000
582265.473	944095.505	1400.000
582269.085	944098.962	1400.000
582272.666	944102.448	1400.000
582275.774	944106.365	1400.000
582278.865	944110.295	1400.000
582281.882	944114.281	1400.002
582284.832	944118.318	1399.999
582287.794	944122.345	1400.000
582290.714	944126.404	1399.996
582293.584	944130.493	1400.002
582296.192	944134.752	1400.005
582298.704	944139.071	1399.981
582301.128	944143.441	1400.000
582303.500	944147.842	1400.000
582305.955	944152.197	1400.000
582308.768	944156.329	1400.000
582311.607	944160.445	1400.000
582314.251	944164.686	1400.000
582316.730	944169.026	1400.004
582318.868	944173.517	1399.993
582319.967	944178.389	1399.999
582320.658	944183.332	1400.000
582320.742	944188.330	1400.000
582320.407	944193.298	1400.000
582319.068	944198.115	1400.001
582317.766	944202.943	1400.000
582316.439	944207.761	1400.000
582314.528	944212.382	1400.000
582310.625	944215.453	1400.000
582306.397	944218.121	1399.996
582302.230	944220.882	1400.006
582298.741	944224.447	1400.000
582295.408	944228.175	1400.001
582291.692	944231.328	1400.000
582286.782	944232.275	1400.000
582281.835	944232.987	1399.998
582276.884	944233.680	1399.989
582271.957	944234.498	1400.000
582266.961	944234.707	1400.000
582261.965	944234.903	1400.000
582256.969	944235.100	1400.000
582251.974	944235.307	1400.000
582246.982	944235.603	1400.000
582241.991	944235.900	1400.000
582236.999	944236.181	1399.999
582232.010	944236.452	1400.000
582227.075	944237.258	1400.000
582222.142	944238.074	1399.999
582217.212	944238.908	1400.000
582212.287	944239.770	1400.000
582207.338	944240.483	1400.000
582202.393	944241.222	1400.001
582197.482	944242.159	1400.000
582192.580	944243.146	1400.000
582187.609	944242.644	1400.001
582182.630	944242.191	1399.999
582177.633	944242.276	1399.996
582172.634	944242.403	1400.000
582167.899	944240.825	1400.000
582163.167	944239.208	1400.001
582158.427	944237.627	1400.003
582153.580	944236.419	1399.979
582148.913	944234.631	1400.000
582144.281	944232.749	1400.000
582139.584	944231.038	1400.000
582134.860	944229.400	1400.002
582130.123	944227.831	1399.999
582125.283	944226.739	1400.006
582120.317	944226.275	1400.000
582115.328	944225.949	1400.000
582110.642	944224.651	1399.995
582106.465	944221.907	1400.007
582102.199	944219.322	1399.991
582098.035	944216.683	1399.993
582093.456	944215.103	1399.996
582090.932	944210.910	1400.003
582088.590	944206.492	1400.000
582086.194	944202.104	1400.000
582083.797	944197.716	1400.000
582081.395	944193.331	1400.000
582078.769	944189.077	1400.000
582076.056	944184.878	1400.000
582073.323	944180.691	1400.000
582069.643	944177.418	1400.000
582065.545	944174.553	1400.000
582061.493	944171.627	1400.000
582057.589	944168.503	1400.000
582053.720	944165.337	1400.000
582050.525	944161.541	1400.000
582047.635	944157.461	1400.000
582044.755	944153.373	1400.000
582045.046	944148.675	1400.000
582045.362	944143.731	1399.982
582044.699	944138.802	1400.003
582043.657	944133.912	1400.000
582043.589	944128.955	1400.000
582044.088	944123.982	1400.011
582044.391	944118.992	1400.001
582044.602	944113.996	1400.000
582044.296	944109.016	1400.000
582043.671	944104.056	1400.000
582043.085	944099.091	1400.002
582040.264	944095.441	1399.996
582035.978	944092.868	1400.000
582031.444	944090.971	1399.999
582026.447	944090.780	1400.000
582021.449	944090.659	1400.000
582016.450	944090.542	1400.000
582011.451	944090.490	1400.001
582006.453	944090.634	1400.000
582001.457	944090.812	1400.000
581996.460	944090.992	1400.000
581991.469	944091.251	1399.995
581986.492	944091.733	1400.000
581981.513	944092.192	1400.000
581976.534	944092.647	1400.001
581971.552	944092.913	1400.000
581966.568	944092.511	1400.000
581961.587	944092.074	1400.000
581956.606	944091.643	1400.002
581951.762	944090.842	1400.006
581947.680	944087.957	1400.004
581943.551	944085.141	1399.998
581939.476	944082.246	1399.999
581935.385	944079.374	1400.000
581931.237	944076.585	1400.000
581926.974	944073.972	1400.000
581922.706	944071.369	1400.000
581918.432	944068.773	1400.000
581914.158	944066.178	1400.000
581909.825	944063.685	1400.000
581905.456	944061.254	1400.001
581901.058	944058.877	1399.990
581896.692	944056.443	1400.008
581892.274	944054.106	1400.000
581888.258	944051.201	1399.960
581885.241	944047.245	1400.003
581882.573	944043.136	1400.006
581879.300	944039.462	1400.043
581876.269	944035.549	1400.030
581873.826	944031.335	1399.989
581873.203	944026.377	1400.000
581872.827	944021.391	1400.000
581872.448	944016.405	1400.000
581871.860	944011.454	1399.996
581870.496	944006.647	1399.996
581868.706	944001.979	1400.000
581866.810	943997.452	1399.996
581862.221	943995.658	1400.001
581857.229	943995.927	1400.001
581852.246	943996.228	1399.998
581847.327	943995.334	1399.999
581842.396	943994.511	1400.000
581837.414	943994.093	1400.000
581832.441	943993.645	1400.001
581828.065	943991.236	1400.013
581823.864	943988.537	1400.000
581820.223	943985.163	1400.000
581816.886	943981.439	1400.000
581813.550	943977.715	1400.000
581810.585	943973.701	1400.000
581808.138	943969.349	1400.001
581806.355	943964.692	1399.998
581804.873	943959.917	1400.000
581803.372	943955.147	1400.000
581802.231	943950.297	1400.000
581802.026	943945.332	1399.999
581802.703	943940.385	1400.000
581803.679	943935.481	1400.001
581804.026	943930.552	1400.013
581803.278	943925.610	1400.002
581802.647	943920.651	1400.000
581799.663	943919.837	1399.944
581795.225	943921.433	1400.006
581791.426	943924.547	1400.000
581787.258	943927.306	1400.027
581784.414	943931.415	1400.000
581781.306	943935.325	1399.998
581777.913	943938.995	1399.997
581774.226	943942.371	1400.000
581770.462	943945.662	1400.000
581767.473	943949.509	1400.000
581766.174	943954.337	1400.000
581764.798	943959.144	1400.000
581763.433	943963.954	1400.002
581762.224	943968.803	1400.000
581761.390	943973.730	1400.000
581760.685	943978.671	1400.041
581759.121	943983.382	1400.000
581756.693	943987.753	1400.000
581754.149	943992.058	1400.000
581751.356	943996.198	1399.992
581748.186	944000.064	1400.000
581744.789	944003.731	1400.000
581741.352	944007.362	1399.999
581737.956	944011.032	1400.000
581734.634	944014.767	1399.997
581730.663	944017.359	1400.000
581725.721	944018.116	1400.000
581720.776	944018.858	1399.998
581715.841	944019.657	1400.000
581710.893	944020.126	1400.000
581705.907	944019.756	1400.001
581700.954	944019.143	1400.022
581696.036	944018.303	1400.000
581691.199	944017.039	1400.000
581686.360	944015.781	1400.000
581681.521	944014.523	1400.000
581676.682	944013.265	1400.000
581671.851	944011.976	1400.000
581667.024	944010.669	1400.000
581662.198	944009.363	1400.000
581657.376	944008.044	1399.996
581653.108	944005.460	1399.997
581648.617	944003.299	1400.004
581643.976	944001.442	1399.991
581640.015	943998.486	1400.000
581636.955	943994.537	1400.000
581633.315	943991.263	1400.000
581629.096	943988.604	1400.022
581624.647	943986.471	1399.990
581620.012	943984.614	1400.000
581615.326	943982.871	1400.000
581610.664	943981.066	1400.000
581606.059	943979.119	1400.000
581601.498	943977.071	1400.000
581596.911	943975.092	1400.002
581592.302	943973.209	1400.000
581587.332	943972.677	1400.000
581582.335	943972.840	1400.000
581577.349	943973.218	1400.000
581572.364	943973.596	1400.000
581567.378	943973.976	1400.000
581562.405	943974.399	1399.996
581559.529	943977.956	1400.005
581560.845	943982.775	1400.000
581562.503	943987.492	1400.000
581564.626	943992.019	1400.000
581567.693	943995.936	1400.002
581571.277	943999.421	1400.004
581574.483	944003.224	1400.004
581577.198	944007.421	1400.002
581579.724	944011.736	1400.000
581582.544	944015.861	1400.000
581585.400	944019.965	1400.001
581588.283	944024.048	1399.995
581591.056	944028.201	1400.025
581593.718	944032.424	1399.999
581594.762	944037.300	1400.002
581595.475	944042.247	1400.000
581596.159	944047.200	1400.000
581596.816	944052.156	1400.000
581597.340	944057.129	1400.000
581597.854	944062.102	1400.000
581598.368	944067.076	1400.000
581598.845	944072.053	1400.000
581599.135	944077.044	1400.000
581599.366	944082.039	1400.000
581599.575	944087.034	1400.000
581599.769	944092.031	1400.000
581599.877	944097.029	1400.000
581599.835	944102.029	1400.000
581599.665	944107.026	1400.000
581599.551	944112.024	1400.000
581599.673	944117.022	1400.001
581599.086	944121.975	1400.011
581597.944	944126.839	1400.000
581596.711	944131.685	1400.000
581595.336	944136.491	1400.000
581593.874	944141.273	1400.000
581592.408	944146.053	1400.000
581590.987	944150.847	1400.000
581589.568	944155.641	1400.000
581588.151	944160.436	1400.000
581584.912	944163.567	1399.999
581580.127	944164.997	1400.000
581575.280	944166.224	1400.000
581570.420	944167.398	1400.000
581565.560	944168.571	1400.000
581560.718	944169.818	1400.000
581555.879	944171.077	1400.001
581551.072	944172.444	1400.001
581546.311	944173.970	1400.000
581541.555	944175.514	1400.002
581536.942	944177.395	1400.004
581533.369	944180.891	1400.000
581529.379	944183.880	1400.000
581525.280	944186.743	1400.000
581521.159	944189.573	1400.000
581517.024	944192.384	1400.001
581512.885	944195.173	1399.999
581508.677	944197.866	1400.000
581504.374	944200.411	1400.002
581499.724	944202.092	1400.002
581494.794	944202.927	1400.000
581489.841	944202.987	1400.000
581484.875	944202.405	1400.000
581479.910	944201.815	1400.000
581474.945	944201.224	1400.000
581469.991	944200.552	1400.000
581465.047	944199.802	1400.000
581460.102	944199.064	1400.000
581455.154	944198.347	1400.000
581450.221	944197.537	1400.000
581445.312	944196.592	1400.000
581440.403	944195.641	1400.000
581435.498	944194.671	1400.001
581430.581	944193.765	1400.000
581425.646	944192.966	1400.000
581420.706	944192.192	1400.000
581415.765	944191.426	1399.999
581410.824	944190.665	1399.991
581405.878	944189.940	1400.000
581400.940	944189.156	1400.000
581396.002	944188.371	1400.000
581391.076	944187.521	1400.000
581386.177	944186.517	1400.000
581381.395	944186.359	1400.187
581381.891	944191.234	1400.006
581381.008	944196.027	1400.000
581379.728	944200.856	1400.011
581378.537	944205.708	1400.010
581377.365	944210.567	1399.998
581374.945	944214.801	1400.000
581371.416	944218.296	1400.000
581367.249	944221.059	1400.001
581363.256	944224.053	1400.005
581361.056	944228.097	1399.999
581363.290	944232.548	1400.000
581362.507	944237.486	1400.000
581360.625	944242.118	1400.000
581358.660	944246.715	1400.000
581356.156	944251.033	1400.013
581353.375	944255.159	1400.002
581350.615	944259.247	1400.061
581347.418	944262.554	1400.005
581352.133	944264.096	1400.006
581357.099	944264.667	1399.999
581361.960	944265.825	1400.000
581366.816	944267.015	1400.003
581371.690	944268.125	1399.995
581374.127	944272.186	1400.000
581374.422	944277.156	1400.000
581374.596	944282.153	1400.000
581374.769	944287.150	1400.000
581374.876	944292.148	1400.000
581374.666	944297.143	1400.000
581374.463	944302.139	1400.000
581374.262	944307.135	1400.000
581374.018	944312.129	1400.000
581373.519	944317.103	1400.002
581372.951	944322.071	1400.000
581372.369	944327.037	1400.000
581371.735	944331.996	1399.999
581370.998	944336.942	1400.000
581370.254	944341.886	1400.000
581369.513	944346.831	1400.000
581368.796	944351.779	1400.000
581368.061	944356.725	1400.000
581367.322	944361.670	1400.000
581366.595	944366.617	1400.001
581366.052	944371.587	1400.000
581366.234	944376.573	1400.000
581366.542	944381.563	1399.992
581366.377	944386.542	1399.961
581364.103	944390.961	1400.000
581361.116	944394.948	1400.000
581357.696	944398.586	1399.997
581353.693	944401.582	1400.000
581349.270	944403.850	1400.000
581344.710	944405.899	1399.999
581340.206	944408.071	1400.000
581335.711	944410.260	1400.000
581331.213	944412.443	1400.000
581326.681	944414.555	1400.000
581322.147	944416.662	1400.000
581317.612	944418.768	1400.000
581313.076	944420.871	1400.000
581308.544	944422.982	1400.000
581304.010	944425.092	1400.000
581299.475	944427.195	1400.000
581300.893	944431.103	1400.041
581304.499	944434.204	1400.000
581308.866	944436.639	1400.000
581313.230	944439.079	1400.001
581317.577	944441.550	1400.000
581321.717	944444.354	1400.000
581325.843	944447.177	1400.001
581329.856	944450.159	1399.997
581333.140	944453.743	1400.000
581334.863	944458.436	1400.000
581336.587	944463.130	1400.000
581338.312	944467.823	1400.000
581340.053	944472.510	1400.000
581341.874	944477.167	1399.999
581343.662	944481.835	1400.001
581345.345	944486.543	1399.998
581347.012	944491.256	1400.000
581348.896	944495.886	1400.000
581350.865	944500.482	1400.000
581352.985	944504.993	1400.000
581355.805	944509.122	1399.999
581358.389	944513.389	1400.001
581360.402	944517.967	1399.999
581362.402	944522.549	1400.000
581364.537	944527.069	1399.999
581365.856	944531.886	1400.000
581363.366	944535.970	1400.000
581359.902	944539.550	1399.996
581355.524	944541.932	1400.000
581350.932	944543.909	1400.003
581346.249	944545.650	1399.992
581341.377	944546.763	1400.000
581336.470	944547.724	1400.000
581331.601	944548.821	1400.022
581326.848	944550.328	1400.000
581321.923	944551.193	1400.000
581316.999	944552.057	1400.000
581312.130	944553.113	1400.000
581307.711	944555.453	1400.000
581303.298	944557.803	1399.998
581298.644	944559.603	1399.991
581293.739	944560.556	1400.000
581289.032	944562.174	1400.000
581284.347	944563.918	1399.990
581279.526	944565.237	1400.000
581274.677	944566.457	1400.000
581269.801	944567.560	1400.000
581264.872	944568.385	1400.000
581259.922	944569.094	1400.000
581254.971	944569.792	1400.000
581250.004	944569.917	1400.000
581245.023	944569.479	1400.000
581240.043	944569.034	1400.000
581235.063	944568.589	1400.000
581230.083	944568.146	1400.000
581225.102	944567.705	1400.000
581220.122	944567.264	1400.000
581215.141	944566.822	1400.000
581210.161	944566.381	1400.000
581205.226	944566.578	1400.009
581203.476	944569.248	1400.043
581205.097	944573.879	1400.000
581207.026	944578.492	1400.000
581208.954	944583.105	1400.000
581210.882	944587.719	1400.000
581212.810	944592.332	1400.000
581214.735	944596.947	1400.000
581216.659	944601.561	1400.000
581218.584	944606.176	1400.000
581220.396	944610.836	1400.000
581221.635	944615.663	1400.002
581222.648	944620.556	1400.000
581224.066	944625.340	1399.991
581225.365	944630.166	1400.000
581225.622	944635.066	1400.000
581224.977	944640.025	1400.000
581224.533	944645.002	1400.000
581224.325	944649.997	1400.000
581223.946	944654.978	1400.000
581223.245	944659.927	1400.000
581221.541	944664.522	1400.000
581218.795	944668.698	1400.000
581216.115	944672.915	1400.024
581212.521	944676.239	1400.001
581207.607	944677.153	1400.000
581202.688	944678.055	1400.000
581197.779	944679.001	1400.000
581192.887	944680.034	1400.000
581187.974	944680.965	1400.000
581183.075	944681.961	1399.999
581178.317	944683.481	1400.000
581173.593	944685.120	1400.000
581168.756	944686.364	1399.998
581164.019	944687.935	1400.000
581159.381	944689.803	1400.000
581154.743	944691.670	1400.000
581150.122	944693.580	1400.000
581145.516	944695.524	1400.000
581140.909	944697.468	1400.000
581136.302	944699.412	1400.000
581132.007	944701.737	1400.000
581129.166	944705.851	1400.001
581126.211	944709.883	1400.000
581123.209	944713.881	1400.000
581120.110	944717.794	1400.001
581115.863	944720.326	1400.000
581111.268	944722.284	1400.000
581106.749	944724.406	1400.010
581101.938	944725.750	1400.000
581097.009	944726.586	1400.000
581092.079	944727.423	1400.000
581087.156	944728.294	1400.000
581082.233	944729.168	1400.000
581077.309	944730.041	1400.000
581072.381	944730.845	1400.001
581067.456	944729.986	1400.000
581062.519	944729.198	1400.000
581057.581	944728.410	1400.000
581052.644	944727.620	1399.999
581047.980	944725.826	1400.001
581043.359	944723.922	1399.990
581038.788	944721.897	1400.008
581034.211	944719.885	1400.000
581029.641	944717.858	1400.000
581025.058	944715.858	1400.000
581020.336	944714.285	1400.007
581015.396	944713.554	1399.997
581010.648	944714.230	1400.000
581006.220	944716.552	1400.000
581001.868	944719.004	1399.983
580997.997	944722.154	1399.981
580994.485	944725.711	1400.000
580990.807	944729.085	1400.027
580986.673	944731.884	1400.000
580982.281	944734.273	1400.001
580977.782	944736.453	1400.003
580972.865	944737.224	1400.027
580967.994	944736.233	1400.000
580963.132	944735.069	1400.000
580958.270	944733.902	1400.000
580953.409	944732.730	1399.999
580948.552	944731.544	1400.015
580943.680	944730.419	1400.000
580938.814	944729.269	1400.000
580933.949	944728.118	1400.000
580929.031	944727.230	1400.000
580924.085	944726.498	1399.997
580919.137	944725.780	1400.000
580914.188	944725.071	1400.000
580909.218	944724.539	1400.000
580904.258	944724.675	1400.046
580901.559	944727.833	1400.000
580903.791	944732.216	1399.946
580905.627	944736.856	1400.010
580907.057	944741.643	1400.014
580908.388	944746.463	1399.984
580909.416	944751.355	1399.993
580909.353	944756.325	1400.000
580908.993	944761.312	1400.000
580908.629	944766.299	1400.001
580908.329	944771.290	1400.002
580908.497	944776.281	1400.000
580908.805	944781.271	1400.000
580909.048	944786.265	1400.007
580908.985	944791.259	1400.039
580909.185	944796.254	1400.000
580909.451	944801.247	1400.000
580909.643	944806.243	1400.003
580909.627	944811.239	1400.018
580910.752	944816.066	1400.000
580912.255	944820.834	1400.000
580914.061	944825.495	1400.000
580915.912	944830.140	1400.000
580917.710	944834.805	1400.000
580919.430	944839.499	1399.996
580921.122	944844.204	1400.000
580922.785	944848.919	1400.000
580924.449	944853.635	1400.000
580926.113	944858.350	1400.000
580927.777	944863.065	1400.000
580929.432	944867.783	1400.000
580930.944	944872.548	1400.000
580931.802	944877.474	1400.000
580932.619	944882.406	1400.000
580933.259	944887.365	1400.000
580933.685	944892.347	1400.000
580933.070	944897.305	1400.000
580932.411	944902.261	1400.000
580931.684	944907.208	1400.002
580931.136	944912.176	1400.007
580930.666	944917.154	1400.000
580930.188	944922.131	1400.000
580929.732	944927.110	1400.000
580929.490	944932.104	1399.998
580929.603	944937.101	1400.000
580929.745	944942.099	1400.000
580929.887	944947.097	1400.000
580930.094	944952.093	1400.000
580930.600	944957.067	1400.000
580931.133	944962.038	1400.000
580931.658	944967.010	1399.998
580932.205	944971.980	1399.993
580932.920	944976.928	1400.000
580933.674	944981.871	1400.000
580934.428	944986.814	1400.000
580935.182	944991.757	1400.000
580935.935	944996.699	1400.000
580936.689	945001.642	1400.000
580937.443	945006.585	1400.000
580938.196	945011.528	1400.000
580938.950	945016.471	1400.000
580939.704	945021.414	1400.000
580940.457	945026.357	1400.000
580941.216	945031.299	1400.000
580941.997	945036.237	1399.999
580942.763	945041.178	1400.000
580943.391	945046.138	1400.007
580944.075	945051.091	1400.000
580945.171	945055.962	1400.000
580946.415	945060.805	1399.997
580947.618	945065.657	1400.000
580948.589	945070.558	1400.011
580949.868	945075.385	1400.000
580951.324	945080.169	1400.000
580952.786	945084.950	1400.000
580954.278	945089.722	1400.000
580955.776	945094.492	1400.001
580957.285	945099.259	1400.000
580958.784	945104.030	1400.000
580960.283	945108.799	1400.000
580961.788	945113.568	1400.000
580963.303	945118.333	1400.000
580964.815	945123.098	1400.000
580966.325	945127.865	1400.000
580967.829	945132.633	1400.000
580969.332	945137.402	1400.000
580970.836	945142.171	1400.000
580972.340	945146.939	1400.000
580973.844	945151.707	1399.997
580975.298	945156.490	1400.006
580976.844	945161.244	1400.000
580978.447	945165.980	1400.000
580980.161	945170.676	1400.000
580982.351	945175.156	1400.000
580984.821	945179.503	1400.001
580987.292	945183.849	1399.997
580989.778	945188.187	1400.002
580992.231	945192.542	1400.000
580994.422	945197.035	1400.000
580996.578	945201.547	1400.000
580998.735	945206.057	1400.000
581000.892	945210.569	1400.000
581003.047	945215.080	1400.000
581005.202	945219.592	1400.000
581007.357	945224.104	1400.000
581009.523	945228.610	1400.000
581011.753	945233.084	1400.000
581014.307	945237.380	1400.002
581016.939	945241.631	1400.000
581019.567	945245.885	1400.000
581022.234	945250.114	1400.000
581025.046	945254.245	1400.000
581028.018	945258.266	1400.000
581030.994	945262.284	1400.000
581034.178	945266.129	1400.000
581037.597	945269.777	1400.000
581041.061	945273.382	1400.002
581044.639	945276.874	1400.000
581048.217	945280.367	1400.000
581051.801	945283.854	1400.002
581056.089	945286.359	1400.000
581060.542	945288.632	1400.000
581064.995	945290.906	1400.000
581069.443	945293.190	1400.000
581073.789	945295.647	1399.970
581077.622	945298.849	1400.005
581081.545	945301.929	1400.032
581085.604	945304.828	1399.988
581089.492	945307.960	1400.008
581093.189	945311.281	1400.000
581096.274	945315.216	1400.000
581099.323	945319.178	1400.000
581102.372	945323.141	1400.000
581105.422	945327.103	1400.000
581108.470	945331.067	1400.000
581111.514	945335.033	1400.000
581114.313	945339.171	1400.000
581116.993	945343.392	1400.000
581119.675	945347.612	1400.000
581122.396	945351.807	1400.000
581125.271	945355.897	1400.000
581128.177	945359.965	1400.000
581131.081	945364.036	1400.003
581134.146	945367.982	1400.000
581137.380	945371.796	1400.000
581140.759	945375.480	1400.000
581144.173	945379.133	1399.999
581147.589	945382.784	1400.000
581151.002	945386.438	1399.999
581154.380	945390.124	1400.000
581157.666	945393.889	1400.000
581160.793	945397.791	1400.001
581163.925	945401.689	1400.001
581167.051	945405.590	1399.999
581170.158	945409.507	1400.002
581173.285	945413.409	1400.002
581176.309	945417.390	1400.000
581179.341	945421.366	1399.999
581182.364	945425.349	1400.000
581185.334	945429.371	1400.000
581188.066	945433.543	1400.000
581190.233	945438.048	1400.000
581192.401	945442.554	1400.000
581194.311	945447.175	1400.000
581196.110	945451.839	1400.002
581197.397	945456.666	1400.002
581198.823	945461.456	1399.985
581200.232	945466.253	1400.000
581201.627	945471.055	1400.000
581202.778	945475.918	1400.000
581203.829	945480.806	1400.000
581204.872	945485.696	1400.000
581205.908	945490.588	1400.000
581206.938	945495.480	1400.000
581207.967	945500.373	1400.000
581208.996	945505.266	1400.000
581210.024	945510.160	1400.000
581211.051	945515.053	1400.000
581212.080	945519.946	1400.000
581213.080	945524.845	1400.000
581214.002	945529.759	1400.000
581214.572	945534.716	1400.003
581214.819	945539.710	1400.000
581215.094	945544.702	1400.000
581215.368	945549.695	1399.999
581215.643	945554.687	1399.996
581215.950	945559.677	1400.000
581216.321	945564.663	1400.000
581216.696	945569.649	1400.000
581216.902	945574.607	1400.030
581215.511	945578.799	1400.079
581210.911	945579.045	1400.000
581206.253	945577.228	1400.000
581201.595	945575.412	1400.000
581196.936	945573.597	1400.000
581192.301	945571.736	1400.003
581188.160	945568.933	1400.005
581184.015	945566.138	1399.990
581179.907	945563.288	1400.000
581175.780	945560.466	1400.000
581171.664	945557.627	1400.000
581167.590	945554.728	1400.000
581163.465	945551.907	1400.000
581159.170	945549.348	1400.000
581154.865	945546.806	1400.000
581150.508	945544.353	1400.000
581146.119	945541.957	1400.000
581141.734	945539.556	1400.001
581137.345	945537.161	1399.999
581132.967	945534.746	1400.000
581128.585	945532.337	1400.000
581124.206	945529.924	1400.000
581119.827	945527.511	1400.000
581115.448	945525.097	1400.000
581111.092	945522.643	1400.000
581106.783	945520.107	1400.000
581102.475	945517.568	1400.000
581098.168	945515.030	1400.000
581093.860	945512.492	1400.000
581089.570	945509.924	1399.999
581085.244	945507.416	1400.000
581080.936	945504.880	1400.000
581076.627	945502.343	1400.000
581072.319	945499.806	1400.000
581068.010	945497.268	1400.000
581063.702	945494.731	1400.000
581059.399	945492.185	1400.000
581055.140	945489.566	1400.000
581050.856	945486.989	1399.999
581046.553	945484.443	1400.007
581042.221	945481.948	1399.993
581037.959	945479.337	1399.996
581033.708	945476.705	1400.014
581029.733	945473.694	1400.000
581025.965	945470.409	1400.000
581022.249	945467.063	1400.000
581018.557	945463.691	1400.000
581014.865	945460.320	1400.000
581011.282	945456.838	1400.000
581007.894	945453.162	1400.000
581004.330	945449.656	1400.000
581000.712	945446.205	1400.000
580997.069	945442.780	1400.000
580993.426	945439.355	1400.000
580989.799	945435.914	1400.000
580986.177	945432.467	1400.000
580982.539	945429.037	1400.000
580978.899	945425.609	1400.000
580975.257	945422.183	1400.000
580971.616	945418.757	1400.000
580967.974	945415.331	1400.000
580964.332	945411.905	1400.000
580960.692	945408.478	1400.000
580957.051	945405.051	1400.000
580953.410	945401.624	1400.000
580949.769	945398.197	1400.000
580946.127	945394.771	1400.000
580942.486	945391.344	1400.000
580938.848	945387.914	1400.000
580935.210	945384.484	1400.000
580931.595	945381.030	1400.000
580928.050	945377.505	1400.000
580924.505	945373.978	1400.000
580921.028	945370.386	1400.000
580917.606	945366.741	1400.000
580914.203	945363.077	1400.000
580910.801	945359.413	1400.000
580907.399	945355.749	1400.000
580903.996	945352.086	1400.000
580900.594	945348.422	1400.000
580897.191	945344.758	1400.000
580893.789	945341.094	1400.000
580890.190	945337.630	1400.000
580886.469	945334.290	1400.000
580882.759	945330.939	1400.000
580879.063	945327.571	1400.000
580875.372	945324.198	1400.000
580871.585	945320.946	1400.000
580867.457	945318.125	1400.000
580863.323	945315.313	1400.000
580859.189	945312.500	1400.000
580855.055	945309.687	1400.000
580850.898	945306.909	1399.999
580846.705	945304.187	1400.003
580842.500	945301.482	1400.000
580838.312	945298.750	1399.995
580834.137	945295.999	1400.006
580829.901	945293.342	1400.000
580825.629	945290.746	1400.000
580821.347	945288.163	1400.000
580817.062	945285.587	1400.000
580812.775	945283.013	1400.000
580808.489	945280.439	1400.000
580804.202	945277.865	1400.000
580799.915	945275.291	1400.000
580795.629	945272.717	1400.000
580791.342	945270.144	1400.000
580787.053	945267.575	1400.000
580782.764	945265.004	1400.000
580778.476	945262.433	1400.000
580774.187	945259.863	1400.000
580769.868	945257.344	1400.000
580765.529	945254.860	1400.000
580761.194	945252.368	1400.000
580756.947	945249.729	1400.000
580752.703	945247.086	1400.000
580748.444	945244.467	1400.000
580744.183	945241.851	1400.000
580739.928	945239.225	1400.000
580735.670	945236.603	1399.998
580731.409	945233.989	1400.000
580727.212	945231.278	1400.000
580723.135	945228.383	1400.000
580719.095	945225.438	1400.000
580715.071	945222.469	1400.000
580711.048	945219.501	1400.000
580707.024	945216.532	1400.000
580703.001	945213.564	1400.000
580698.977	945210.596	1400.000
580694.954	945207.627	1400.000
580690.930	945204.659	1400.000
580686.907	945201.690	1400.000
580682.883	945198.722	1400.000
580678.860	945195.753	1400.000
580674.836	945192.785	1400.000
580670.757	945189.895	1400.003
580666.474	945187.320	1399.995
580662.247	945184.656	1400.000
580658.037	945181.959	1400.019
580653.797	945179.309	1400.000
580649.176	945177.511	1400.000
580644.375	945176.115	1400.000
580639.574	945174.719	1399.999
580634.778	945173.304	1399.999
580629.968	945171.939	1400.000
580625.151	945170.599	1400.000
580620.334	945169.260	1400.000
580615.516	945167.921	1400.000
580610.699	945166.582	1400.000
580605.881	945165.244	1400.000
580601.064	945163.905	1400.000
580596.247	945162.566	1400.000
580591.429	945161.228	1400.000
580586.612	945159.889	1400.000
580581.794	945158.550	1400.000
580576.977	945157.212	1400.000
580572.159	945155.873	1400.000
580567.342	945154.534	1400.000
580562.524	945153.196	1400.000
580557.692	945151.914	1400.000
580552.841	945150.702	1400.000
580547.943	945149.702	1399.998
580543.067	945148.596	1400.000
580538.194	945147.474	1400.000
580533.313	945146.389	1400.000
580528.343	945146.497	1399.999
580523.360	945146.906	1399.998
580518.378	945147.335	1400.000
580513.398	945147.775	1399.997
580508.510	945148.788	1400.007
580503.680	945150.079	1400.000
580498.855	945151.390	1400.000
580494.030	945152.704	1400.000
580489.212	945154.038	1400.000
580484.393	945155.373	1400.000
580479.574	945156.707	1400.000
580474.756	945158.041	1400.000
580469.937	945159.376	1400.000
580465.118	945160.710	1400.000
580460.300	945162.044	1400.000
580455.481	945163.378	1400.000
580450.662	945164.713	1400.000
580445.844	945166.047	1400.000
580441.025	945167.381	1400.000
580436.206	945168.716	1400.000
580431.347	945169.698	1400.005
580426.352	945169.496	1400.000
580421.368	945169.105	1400.000
580416.384	945168.705	1400.004
580411.459	945168.026	1400.000
580406.746	945166.357	1400.000
580402.038	945164.674	1400.000
580397.329	945162.992	1400.000
580392.621	945161.310	1400.000
580387.912	945159.627	1400.000
580383.204	945157.945	1400.000
580378.495	945156.263	1400.000
580373.787	945154.581	1400.000
580369.078	945152.900	1400.000
580364.390	945151.162	1400.000
580359.708	945149.407	1400.000
580355.026	945147.652	1400.000
580350.398	945145.764	1400.001
580345.818	945143.758	1399.988
580341.245	945141.740	1400.011
580336.626	945139.827	1400.000
580332.012	945137.904	1400.000
580327.514	945135.720	1400.000
580323.018	945133.533	1400.000
580318.526	945131.336	1400.000
580314.032	945129.145	1400.005
580309.209	945128.331	1400.014
580304.229	945128.671	1400.000
580299.257	945129.201	1400.000
580294.280	945129.681	1399.997
580289.288	945129.792	1399.987
580284.309	945129.398	1400.000
580279.339	945128.844	1400.000
580274.370	945128.290	1400.000
580269.401	945127.735	1400.000
580264.432	945127.180	1400.000
580259.463	945126.626	1400.000
580254.494	945126.072	1400.000
580249.524	945125.518	1400.000
580244.555	945124.962	1400.000
580239.586	945124.406	1400.000
580234.617	945123.850	1400.000
580229.648	945123.295	1400.000
580224.679	945122.741	1400.000
580219.710	945122.187	1400.000
580214.741	945121.633	1400.000
580209.794	945120.919	1400.000
580204.864	945120.085	1400.000
580199.925	945119.308	1400.001
580194.972	945118.637	1400.000
580190.158	945117.437	1400.000
580185.498	945115.625	1400.000
580180.838	945113.813	1399.997
580176.192	945111.964	1400.002
580171.576	945110.043	1400.000
580166.979	945108.077	1400.000
580162.383	945106.108	1400.000
580157.787	945104.140	1400.000
580153.190	945102.172	1400.000
580148.595	945100.202	1400.000
580144.000	945098.231	1400.000
580139.404	945096.261	1400.000
580134.809	945094.291	1400.000
580130.212	945092.324	1400.000
580125.585	945090.428	1400.000
580120.960	945088.529	1400.000
580116.332	945086.637	1400.000
580111.670	945084.842	1400.000
580106.862	945083.472	1400.019
580102.055	945082.104	1399.984
580097.343	945080.437	1400.000
580092.636	945078.751	1400.000
580087.778	945077.571	1400.000
580082.914	945076.412	1400.000
580078.061	945075.211	1400.000
580073.238	945073.897	1399.984
580068.359	945072.808	1400.000
580063.433	945071.962	1400.000
580058.491	945071.198	1400.000
580053.555	945070.406	1400.002
580048.636	945069.508	1400.008
580043.709	945068.661	1400.000
580038.776	945067.843	1400.000
580033.841	945067.040	1400.000
580028.859	945066.858	1399.995
580023.899	945067.397	1399.996
580018.975	945068.262	1400.000
580014.053	945069.142	1400.001
580009.186	945070.278	1400.000
580004.345	945071.529	1400.000
579999.520	945072.833	1400.000
579994.744	945074.316	1400.000
579989.969	945075.798	1400.000
579985.194	945077.280	1400.000
579980.419	945078.763	1400.000
579975.644	945080.247	1400.000
579970.869	945081.731	1400.000
579966.094	945083.214	1400.000
579961.319	945084.696	1400.000
579956.544	945086.179	1400.000
579951.769	945087.661	1400.000
579946.992	945089.137	1400.000
579942.218	945090.623	1400.000
579937.444	945092.109	1400.000
579932.669	945093.593	1400.000
579927.685	945093.934	1400.000
579922.693	945094.217	1400.000
579917.707	945094.578	1400.001
579912.852	945095.750	1399.989
579908.016	945094.674	1400.000
579903.188	945093.374	1400.000
579898.362	945092.065	1400.000
579893.537	945090.754	1400.000
579888.713	945089.440	1400.000
579883.889	945088.125	1400.000
579879.065	945086.811	1400.000
579874.241	945085.496	1400.000
579869.497	945086.115	1400.000
579864.802	945087.835	1400.000
579860.110	945089.562	1400.000
579855.417	945091.287	1400.000
579850.853	945093.290	1400.000
579846.502	945095.755	1400.000
579842.156	945098.227	1400.000
579837.810	945100.698	1400.000
579833.463	945103.170	1400.000
579829.117	945105.642	1400.000
579824.771	945108.113	1400.000
579820.424	945110.585	1400.000
579816.078	945113.056	1400.000
579811.731	945115.526	1400.000
579807.383	945117.997	1400.000
579803.036	945120.467	1400.000
579798.689	945122.938	1400.000
579794.342	945125.408	1400.000
579789.995	945127.879	1400.000
579785.650	945130.352	1400.000
579781.305	945132.826	1400.000
579776.959	945135.299	1400.000
579772.613	945137.770	1400.000
579768.266	945140.241	1400.000
579763.921	945142.716	1400.000
579759.597	945145.227	1400.000
579755.278	945147.746	1400.000
579750.964	945150.272	1400.001
579746.669	945152.833	1400.000
579742.392	945155.423	1400.000
579738.115	945158.013	1400.000
579733.838	945160.603	1400.000
579730.042	945163.813	1400.000
579726.660	945167.484	1400.001
579724.006	945171.722	1400.000
579721.044	945175.746	1400.002
579718.088	945179.778	1400.001
579715.261	945183.902	1400.000
579712.428	945188.020	1399.997
579709.065	945191.714	1399.983
579705.761	945195.466	1400.000
579702.450	945199.212	1399.999
579699.583	945203.300	1400.000
579697.031	945207.600	1399.999
579694.427	945211.868	1399.999
579691.461	945215.844	1400.000
579687.733	945219.176	1400.000
579683.933	945222.426	1400.000
579679.705	945225.081	1400.000
579675.377	945227.585	1400.000
579670.888	945229.726	1400.007
579666.059	945231.014	1400.000
579661.175	945232.082	1400.000
579656.299	945233.190	1399.999
579651.436	945234.349	1400.000
579646.581	945235.546	1400.000
579641.726	945236.742	1400.000
579636.871	945237.939	1400.000
579632.017	945239.135	1400.000
579627.161	945240.328	1400.000
579622.306	945241.522	1400.000
579617.450	945242.715	1400.000
579612.595	945243.908	1400.000
579607.747	945245.132	1400.000
579602.974	945246.617	1399.993
579598.239	945248.223	1400.000
579593.524	945249.887	1400.001
579589.389	945252.627	1400.000
579585.582	945255.869	1400.000
579581.779	945259.114	1400.000
579577.976	945262.361	1400.000
579573.258	945263.815	1400.019
579569.207	945261.500	1400.000
579565.280	945258.406	1400.000
579561.352	945255.311	1400.000
579557.425	945252.217	1400.000
579553.499	945249.121	1400.000
579549.398	945246.267	1400.002
579545.236	945243.499	1400.003
579541.064	945240.747	1399.988
579536.900	945237.982	1400.000
579532.793	945235.133	1400.000
579528.334	945232.874	1400.000
579523.745	945230.893	1400.000
579519.133	945228.963	1400.000
579514.515	945227.045	1400.000
579510.222	945224.556	1400.000
579506.197	945221.590	1400.001
579502.174	945218.620	1399.999
579498.154	945215.648	1400.000
579494.132	945212.678	1400.000
579489.804	945210.182	1400.013
579485.300	945208.019	1400.000
579480.825	945205.794	1400.000
579476.335	945203.593	1400.000
579471.803	945201.499	1400.000
579467.024	945200.030	1400.000
579462.245	945198.560	1400.003
579457.468	945197.084	1399.999
579452.724	945195.506	1400.001
579447.755	945195.001	1400.000
579442.774	945194.561	1400.000
579437.789	945194.173	1400.002
579432.796	945194.173	1400.009
579427.884	945195.090	1400.000
579422.977	945196.053	1400.000
579418.071	945197.015	1400.000
579413.164	945197.978	1400.000
579408.183	945198.336	1400.000
579403.191	945198.609	1400.004
579398.221	945199.136	1400.012
579393.339	945200.206	1400.000
579388.366	945200.196	1400.000
579383.368	945200.029	1400.000
579378.424	945200.631	1399.981
579373.628	945202.013	1400.000
579368.912	945201.076	1400.000
579364.205	945199.391	1400.005
579359.483	945197.781	1400.004
579354.628	945196.752	1399.993
579350.418	945194.476	1400.000
579346.774	945191.053	1400.000
579343.182	945187.574	1400.000
579339.603	945184.083	1400.000
579336.024	945180.591	1400.000
579332.442	945177.103	1400.000
579328.676	945173.813	1400.000
579324.932	945170.500	1400.000
579321.202	945167.170	1400.000
579317.479	945163.832	1400.000
579313.757	945160.494	1400.000
579309.996	945157.199	1400.000
579306.216	945153.927	1400.000
579302.537	945150.543	1400.000
579298.943	945147.068	1400.000
579295.385	945143.554	1400.000
579292.011	945139.896	1400.000
579289.423	945135.618	1400.000
579287.052	945131.234	1400.000
579285.298	945126.552	1400.000
579283.696	945121.816	1400.000
579282.093	945117.080	1400.000
579280.495	945112.342	1400.000
579279.007	945107.569	1400.000
579277.543	945102.788	1400.000
579276.079	945098.007	1400.000
579274.730	945093.193	1399.999
579273.746	945088.294	1399.999
579272.924	945083.362	1400.000
579272.075	945078.435	1400.000
579271.178	945073.516	1400.000
579269.676	945068.758	1400.003
579267.894	945064.089	1400.001
579266.004	945059.460	1399.999
579264.115	945054.831	1400.000
579262.191	945050.216	1400.001
579260.906	945045.427	1400.007
579260.495	945040.448	1400.000
579261.125	945035.598	1399.972
579263.526	945031.254	1400.000
579265.136	945026.524	1399.996
579268.058	945022.531	1400.000
579272.059	945019.532	1400.000
579276.712	945017.767	1400.000
579281.453	945016.179	1400.000
579286.197	945014.601	1400.000
579290.941	945013.022	1400.000
579295.366	945010.754	1400.028
579295.553	945006.457	1400.007
579292.388	945002.597	1399.987
579289.142	944998.805	1400.000
579285.860	944995.033	1400.000
579282.577	944991.262	1400.000
579279.293	944987.492	1400.000
579276.008	944983.722	1400.000
579272.723	944979.953	1400.000
579269.455	944976.169	1399.998
579266.357	944972.247	1400.000
579263.696	944968.014	1400.000
579261.110	944963.735	1400.000
579258.517	944959.460	1400.002
579255.907	944955.196	1400.001
579253.366	944950.891	1399.999
579251.017	944946.478	1400.000
579248.725	944942.034	1400.000
579246.433	944937.590	1400.000
579244.142	944933.146	1400.000
579240.388	944932.414	1400.000
579236.029	944934.750	1400.000
579231.688	944937.229	1400.000
579227.226	944939.486	1400.000
579222.785	944941.782	1399.999
579218.549	944944.435	1400.000
579214.347	944947.145	1400.000
579209.854	944949.282	1400.002
579205.256	944951.243	1400.000
579200.625	944953.114	1399.999
579195.918	944954.795	1399.997
579191.219	944956.410	1400.000
579186.268	944957.107	1400.000
579181.324	944957.845	1399.993
579176.460	944958.960	1400.000
579171.699	944960.453	1400.000
579166.766	944961.272	1400.001
579161.842	944962.137	1400.003
579156.964	944963.234	1400.000
579152.083	944964.318	1400.000
579147.155	944965.165	1400.000
579142.228	944966.013	1400.000
579137.300	944966.862	1400.000
579132.373	944967.713	1400.000
579127.462	944968.648	1400.000
579122.538	944969.517	1400.000
579117.614	944970.386	1400.000
579112.689	944971.251	1400.000
579107.800	944972.295	1400.000
579102.913	944973.356	1400.000
579098.027	944974.416	1400.000
579093.135	944975.449	1400.000
579088.246	944976.497	1400.000
579083.358	944977.550	1400.000
579078.512	944978.776	1400.012
579073.829	944980.526	1400.000
579069.213	944982.444	1400.000
579064.625	944984.432	1400.001
579060.064	944986.481	1400.000
579055.518	944988.561	1400.000
579050.992	944990.687	1400.002
579046.525	944992.932	1400.000
579042.152	944995.356	1400.000
579037.792	944997.804	1400.001
579033.528	945000.415	1400.000
579029.266	945003.030	1400.000
579025.005	945005.644	1400.000
579020.743	945008.259	1400.000
579016.481	945010.874	1400.000
579012.219	945013.488	1400.000
579007.957	945016.103	1400.000
579003.680	945018.693	1399.994
578999.053	945020.530	1400.016
578994.182	945021.633	1400.000
578989.213	945021.926	1400.000
578984.213	945021.857	1400.000
578979.217	945021.683	1400.002
578974.222	945021.461	1400.000
578969.243	945021.024	1400.000
578964.271	945020.498	1399.999
578959.290	945020.073	1399.999
578954.300	945019.767	1400.000
578949.692	945018.144	1400.000
578945.308	945015.740	1400.000
578940.929	945013.327	1400.000
578936.578	945010.863	1400.000
578932.240	945008.377	1400.000
578927.913	945005.873	1400.000
578923.585	945003.368	1400.000
578919.258	945000.864	1400.000
578914.930	944998.359	1400.000
578910.603	944995.854	1400.000
578906.275	944993.350	1400.000
578901.755	944991.236	1400.000
578897.136	944989.322	1400.000
578892.515	944987.412	1400.000
578887.794	944985.764	1400.001
578883.112	944984.010	1400.000
578878.435	944982.244	1400.000
578873.757	944980.478	1400.000
578869.087	944978.691	1400.001
578864.386	944976.990	1399.999
578859.656	944975.371	1400.000
578854.906	944973.811	1400.000
578850.546	944971.514	1400.000
578846.590	944968.456	1400.000
578842.644	944965.386	1400.000
578838.697	944962.317	1400.000
578834.750	944959.247	1400.000
578830.803	944956.177	1400.000
578826.856	944953.108	1400.000
578823.078	944949.836	1400.000
578819.356	944946.497	1400.000
578815.808	944942.980	1399.996
578812.596	944939.149	1400.000
578809.459	944935.256	1400.000
578806.322	944931.362	1400.000
578803.186	944927.468	1400.000
578800.049	944923.574	1400.000
578796.912	944919.681	1400.000
578796.887	944916.153	1400.008
578800.692	944912.910	1399.997
578805.192	944910.800	1400.000
578809.801	944908.861	1400.000
578814.404	944906.909	1400.000
578818.995	944904.927	1400.000
578823.620	944903.039	1399.973
578828.446	944901.734	1400.000
578833.272	944900.444	1400.000
578837.954	944898.688	1400.000
578842.634	944896.928	1399.999
578847.282	944895.087	1400.000
578851.915	944893.205	1400.000
578856.547	944891.323	1400.000
578861.179	944889.441	1400.000
578865.993	944888.167	1399.964
578870.945	944887.578	1400.000
578875.935	944887.257	1400.000
578880.925	944886.951	1400.000
578885.902	944886.522	1400.062
578890.566	944884.828	1399.996
578895.033	944882.585	1400.000
578899.475	944880.288	1400.000
578903.916	944877.992	1400.000
578908.359	944875.698	1400.000
578912.827	944873.461	1400.016
578917.440	944871.540	1400.001
578922.029	944869.555	1400.000
578926.618	944867.569	1400.000
578931.242	944865.668	1400.000
578935.868	944863.769	1400.000
578940.487	944861.855	1400.004
578944.998	944859.703	1400.000
578949.451	944857.429	1400.000
578953.940	944855.232	1400.000
578958.516	944853.217	1400.000
578963.092	944851.202	1400.000
578967.669	944849.188	1400.000
578972.254	944847.193	1400.000
578976.843	944845.210	1400.000
578981.433	944843.227	1400.000
578986.023	944841.243	1400.000
578990.613	944839.261	1400.000
578995.228	944837.338	1400.001
578999.579	944834.903	1400.001
579003.739	944832.129	1400.000
579008.007	944829.526	1400.000
579012.282	944826.933	1400.000
579016.578	944824.375	1400.000
579020.867	944821.804	1400.006
579025.028	944819.033	1400.000
579029.141	944816.191	1400.000
579033.353	944813.530	1400.000
579037.993	944811.667	1400.000
579042.633	944809.804	1400.000
579047.273	944807.941	1400.000
579051.436	944805.189	1400.001
579055.463	944802.225	1400.000
579059.479	944799.247	1400.000
579063.496	944796.270	1400.000
579067.513	944793.292	1400.000
579071.640	944790.472	1399.999
579076.264	944788.638	1400.000
579081.003	944787.045	1400.000
579085.750	944785.474	1400.000
579090.497	944783.902	1400.000
579095.243	944782.331	1400.000
579099.967	944780.695	1399.999
579104.573	944778.756	1400.001
579109.102	944776.636	1400.000
579113.670	944774.614	1400.000
579118.367	944772.897	1400.000
579123.063	944771.181	1400.000
579127.759	944769.465	1400.000
579132.455	944767.747	1400.000
579137.150	944766.029	1400.000
579141.846	944764.311	1400.000
579146.541	944762.593	1400.000
579151.235	944760.870	1400.000
579155.814	944758.870	1400.000
579160.084	944756.308	1400.000
579164.053	944753.268	1400.000
579168.116	944750.356	1400.000
579172.220	944747.500	1400.000
579176.354	944744.687	1400.000
579180.509	944741.907	1399.993
579184.987	944739.704	1400.000
579189.603	944737.782	1400.000
579194.268	944735.989	1400.000
579198.999	944734.369	1400.000
579203.729	944732.750	1400.000
579208.465	944731.147	1400.007
579213.232	944729.639	1400.000
579218.039	944728.265	1400.000
579222.850	944726.903	1400.000
579227.661	944725.542	1400.000
579232.481	944724.209	1400.000
579237.375	944725.220	1400.000
579242.270	944726.240	1400.000
579247.165	944727.256	1400.003
579252.084	944728.152	1399.996
579257.006	944729.036	1400.000
579261.929	944729.908	1400.000
579266.852	944730.780	1400.000
579271.776	944731.652	1400.000
579276.693	944732.555	1400.000
579281.610	944733.464	1400.000
579286.527	944734.373	1400.000
579291.443	944735.282	1400.000
579296.360	944736.191	1400.000
579301.269	944737.139	1400.001
579306.151	944738.220	1400.000
579311.022	944739.347	1400.000
579315.893	944740.475	1400.000
579320.764	944741.602	1400.000
579325.635	944742.730	1400.000
579330.507	944743.857	1400.000
579335.377	944744.990	1400.000
579340.247	944746.121	1400.000
579345.118	944747.252	1400.000
579349.969	944748.459	1400.000
579354.829	944749.633	1399.999
579359.699	944750.767	1400.000
579364.565	944751.918	1400.000
579369.372	944753.277	1400.000
579373.823	944755.389	1400.010
579377.912	944758.259	1399.986
579381.901	944761.268	1399.985
579385.833	944764.352	1400.021
579389.863	944767.309	1400.000
579393.788	944770.401	1400.002
579397.672	944773.546	1399.999
579401.510	944776.750	1399.995
579405.334	944779.971	1400.000
579409.179	944783.167	1399.998
579413.028	944786.358	1400.000
579416.962	944789.444	1400.002
579420.925	944792.493	1400.000
579425.093	944795.253	1400.000
579429.268	944798.006	1400.000
579433.611	944800.354	1400.000
579438.499	944801.403	1400.021
579443.387	944802.447	1400.000
579448.208	944803.768	1399.998
579453.031	944805.083	1400.000
579457.923	944806.116	1400.000
579462.816	944807.146	1399.998
579467.709	944808.173	1400.001
579472.612	944809.156	1400.000
579477.504	944810.188	1400.000
579482.396	944811.221	1400.000
579487.288	944812.254	1400.000
579492.189	944813.243	1400.000
579497.099	944814.188	1399.999
579502.011	944815.123	1400.000
579506.924	944816.053	1400.000
579511.837	944816.983	1400.000
579516.751	944817.905	1400.000
579521.665	944818.826	1400.000
579526.580	944819.746	1400.000
579531.495	944820.665	1400.000
579536.417	944821.543	1400.000
579541.341	944822.412	1399.999
579546.239	944823.411	1400.009
579551.132	944824.441	1400.001
579555.924	944825.847	1400.000
579560.679	944827.394	1400.000
579565.443	944828.910	1400.000
579570.226	944830.368	1400.005
579574.990	944831.884	1400.000
579579.781	944833.309	1400.000
579584.599	944834.648	1400.000
579589.416	944835.986	1400.000
579594.230	944837.337	1399.999
579599.047	944838.675	1400.013
579603.894	944839.902	1400.000
579608.751	944841.087	1400.000
579613.594	944842.326	1400.000
579618.374	944843.792	1400.000
579623.159	944845.241	1399.998
579627.954	944846.655	1399.998
579632.782	944847.954	1400.000
579637.544	944849.479	1400.000
579642.306	944851.004	1400.000
579647.068	944852.526	1400.000
579651.875	944853.902	1400.000
579656.725	944855.094	1400.003
579661.645	944855.940	1400.007
579666.608	944856.543	1400.000
579671.575	944857.120	1400.000
579676.557	944857.536	1400.000
579681.550	944857.428	1400.000
579686.537	944857.079	1400.000
579691.523	944856.707	1400.000
579696.509	944856.332	1400.000
579701.495	944855.955	1400.000
579706.481	944855.579	1400.000
579711.467	944855.203	1400.000
579716.453	944854.830	1400.000
579721.439	944854.458	1400.000
579726.425	944854.085	1400.000
579731.411	944853.712	1400.000
579736.397	944853.337	1400.000
579741.383	944852.961	1400.000
579746.369	944852.585	1400.000
579751.360	944852.287	1400.001
579756.352	944852.010	1400.000
579761.344	944851.736	1400.000
579766.337	944851.461	1400.000
579771.329	944851.178	1400.004
579776.322	944850.931	1400.003
579781.315	944850.654	1400.000
579786.307	944850.367	1400.000
579791.297	944850.062	1400.000
579796.247	944850.588	1400.000
579801.183	944851.386	1400.000
579806.119	944852.184	1400.000
579811.012	944853.196	1400.000
579815.715	944854.852	1400.006
579820.375	944856.656	1399.999
579824.982	944858.598	1400.000
579829.586	944860.549	1400.000
579834.273	944862.253	1400.000
579839.112	944863.513	1400.000
579843.905	944864.918	1399.996
579848.643	944866.493	1400.009
579853.335	944868.189	1400.000
579858.218	944869.264	1400.000
579863.101	944870.339	1400.000
579867.973	944871.455	1400.023
579872.842	944872.559	1399.996
579877.376	944874.642	1400.002
579881.920	944876.728	1399.994
579886.426	944878.894	1400.008
579890.948	944881.027	1400.000
579895.694	944882.518	1400.000
579900.560	944883.667	1400.000
579905.352	944885.074	1399.995
579910.098	944886.636	1400.000
579914.856	944888.163	1400.000
579919.670	944889.514	1400.000
579924.483	944890.869	1400.000
579929.292	944892.235	1400.004
579933.986	944893.940	1399.957
579938.652	944895.720	1400.005
579943.284	944897.601	1399.999
579947.890	944899.547	1400.000
579952.511	944901.449	1400.000
579957.200	944899.715	1400.000
579962.100	944898.786	1400.021
579967.083	944898.422	1400.005
579972.075	944898.133	1400.000
579976.983	944897.198	1399.997
579981.907	944896.333	1399.999
579986.837	944895.498	1400.000
579991.767	944894.663	1400.000
579996.697	944893.829	1400.000
580001.627	944892.994	1400.000
580006.556	944892.160	1400.000
580011.486	944891.325	1400.000
580016.416	944890.490	1400.000
580021.346	944889.656	1400.000
580026.276	944888.821	1400.000
580031.206	944887.986	1400.000
580036.135	944887.152	1400.000
580041.065	944886.317	1400.000
580045.995	944885.482	1400.000
580050.925	944884.648	1400.000
580055.855	944883.813	1400.000
580060.785	944882.978	1400.000
580065.707	944882.098	1400.000
580070.621	944881.176	1400.000
580075.415	944879.803	1400.000
580080.098	944878.054	1399.999
580084.701	944876.102	1400.000
580089.287	944874.111	1400.000
580093.874	944872.121	1400.000
580098.462	944870.133	1400.000
580103.049	944868.144	1400.000
580107.637	944866.156	1400.000
580112.227	944864.174	1400.000
580117.002	944862.697	1400.000
580121.782	944861.231	1400.005
580126.521	944859.634	1400.000
580131.254	944858.023	1400.000
580136.151	944857.106	1399.999
580141.113	944856.496	1399.999
580146.079	944855.913	1400.000
580151.045	944855.332	1400.000
580156.003	944854.684	1399.997
580160.944	944853.922	1399.998
580165.879	944853.117	1400.000
580170.818	944852.344	1399.999
580175.778	944851.709	1400.001
580180.736	944851.059	1400.000
580185.692	944850.403	1400.000
580190.649	944849.747	1400.000
580195.617	944849.189	1400.000
580200.592	944848.687	1400.000
580205.567	944848.184	1400.000
580210.532	944847.604	1400.000
580215.503	944847.065	1400.000
580220.480	944846.585	1400.000
580225.455	944846.086	1400.005
580230.418	944845.482	1400.001
580235.385	944844.918	1400.000
580240.360	944844.420	1400.000
580245.328	944843.858	1399.997
580250.285	944843.203	1400.000
580255.252	944842.641	1400.000
580260.230	944842.174	1400.001
580265.193	944841.573	1400.000
580270.141	944840.856	1400.000
580275.034	944839.860	1400.000
580279.889	944838.665	1399.999
580284.764	944837.553	1400.000
580289.645	944836.467	1400.000
580294.531	944835.408	1399.995
580299.415	944834.339	1400.001
580304.285	944833.205	1400.000
580309.163	944832.109	1400.000
580314.060	944831.101	1399.999
580318.966	944830.135	1400.000
580323.871	944829.163	1400.000
580328.773	944828.181	1400.002
580333.673	944827.188	1400.000
580338.593	944826.295	1400.000
580343.510	944825.391	1399.998
580348.415	944824.419	1400.001
580353.309	944823.399	1400.000
580358.225	944822.481	1400.000
580363.132	944821.526	1399.999
580368.018	944820.464	1400.000
580372.903	944819.397	1400.000
580377.812	944818.451	1400.003
580382.697	944817.384	1400.000
580387.572	944816.271	1400.000
580392.447	944815.160	1400.000
580397.327	944814.071	1399.999
580402.182	944812.877	1399.999
580407.033	944811.667	1400.000
580411.860	944810.363	1400.003
580416.568	944808.685	1399.997
580421.254	944806.941	1400.000
580425.984	944805.323	1399.990
580430.832	944804.108	1400.005
580435.596	944802.614	1400.000
580440.330	944801.008	1399.987
580445.186	944799.832	1400.002
580450.088	944798.848	1400.000
580454.924	944797.611	1400.000
580459.747	944796.299	1400.001
580464.615	944795.158	1400.000
580469.487	944794.035	1400.000
580474.331	944792.801	1400.000
580479.056	944791.171	1400.000
580483.762	944789.482	1400.000
580488.493	944787.875	1399.985
580493.345	944786.681	1400.000
580498.095	944785.118	1400.000
580502.849	944783.570	1399.988
580507.726	944782.474	1400.000
580512.635	944781.526	1400.000
580517.431	944780.115	1400.000
580522.228	944778.703	1400.000
580527.024	944777.291	1400.000
580531.821	944775.880	1400.000
580536.645	944774.565	1400.002
580541.487	944773.318	1400.001
580546.315	944772.021	1400.000
580551.120	944770.639	1399.993
580556.001	944769.564	1400.000
580560.904	944768.583	1400.000
580565.806	944767.601	1400.000
580570.531	944766.010	1400.005
580575.218	944764.279	1400.000
580579.957	944762.684	1400.000
580584.613	944760.870	1399.998
580589.190	944758.857	1400.000
580593.757	944756.821	1400.000
580598.324	944754.786	1400.000
580602.891	944752.751	1400.000
580607.500	944750.816	1400.000
580612.088	944748.826	1399.998
580616.689	944746.869	1400.000
580621.296	944744.926	1400.000
580625.875	944742.918	1399.998
580630.416	944740.826	1400.000
580634.979	944738.782	1400.000
580639.542	944736.739	1400.000
580644.070	944734.618	1400.000
580648.594	944732.490	1400.000
580653.195	944730.532	1400.000
580657.827	944728.650	1400.000
580662.464	944726.780	1400.000
580667.073	944724.841	1399.999
580671.609	944722.739	1399.999
580676.203	944720.767	1400.000
580680.735	944718.660	1399.987
580685.133	944716.283	1400.000
580689.494	944713.837	1400.000
580693.913	944711.504	1399.993
580698.406	944709.311	1400.000
580702.879	944707.081	1400.027
580707.502	944705.188	1400.000
580712.348	944703.960	1400.001
580717.060	944702.288	1400.000
580721.663	944700.350	1400.012
580725.870	944697.656	1399.999
580729.982	944694.811	1400.000
580734.120	944692.009	1399.999
580738.285	944689.244	1399.996
580739.626	944686.204	1400.000
580736.084	944682.675	1400.000
580732.542	944679.146	1400.000
580729.211	944675.417	1399.999
580725.987	944671.598	1400.000
580722.983	944667.602	1400.000
580720.039	944663.561	1400.000
580717.097	944659.520	1400.000
580714.089	944655.528	1399.985
580711.223	944651.434	1399.970
580707.978	944647.634	1399.994
580704.749	944643.821	1399.992
580701.446	944640.072	1399.998
580698.111	944636.351	1400.004
580694.819	944632.592	1400.000
580690.863	944629.547	1399.993
580686.779	944626.663	1400.012
580682.637	944623.863	1400.002
580678.471	944621.099	1399.989
580674.332	944618.295	1400.000
580670.546	944615.070	1400.000
580667.276	944611.316	1400.000
580664.902	944607.229	1400.000
580668.330	944603.589	1400.000
580671.742	944599.935	1400.000
580675.384	944596.513	1399.997
580679.236	944593.328	1400.000
580683.058	944590.104	1400.000
580686.820	944586.813	1400.021
580690.117	944583.054	1400.000
580693.408	944579.294	1400.000
580696.798	944575.624	1400.007
580699.726	944571.573	1400.000
580702.517	944567.424	1400.000
580705.301	944563.271	1400.000
580708.100	944559.128	1400.000
580710.901	944554.987	1400.000
580713.678	944550.829	1399.999
580716.416	944546.645	1400.000
580719.156	944542.463	1400.000
580721.804	944538.222	1399.994
580724.366	944533.928	1400.000
580726.951	944529.648	1400.000
580729.363	944525.271	1399.999
580731.622	944520.811	1400.000
580733.970	944516.398	1399.980
580736.093	944511.877	1400.002
580737.773	944507.167	1400.000
580739.418	944502.446	1400.000
580740.894	944497.669	1399.999
580742.181	944492.838	1399.999
580743.730	944488.084	1400.000
580745.385	944483.366	1400.001
580747.107	944478.672	1400.000
580748.842	944473.983	1400.000
580750.577	944469.294	1399.991
580752.209	944464.568	1400.000
580753.682	944459.790	1400.000
580755.137	944455.006	1400.000
580756.562	944450.214	1400.000
580757.930	944445.405	1400.000
580759.282	944440.591	1399.999
580760.622	944435.774	1400.000
580761.921	944430.946	1400.000
580763.155	944426.100	1400.003
580764.424	944421.264	1400.001
580765.768	944416.448	1400.000
580767.043	944411.617	1400.000
580768.064	944406.725	1400.003
580769.417	944401.911	1400.000
580770.832	944397.116	1400.000
580772.232	944392.317	1399.999
580773.221	944387.415	1400.000
580774.114	944382.496	1400.000
580775.008	944377.576	1400.000
580776.309	944372.751	1400.007
580778.514	944368.269	1400.000
580780.876	944363.863	1400.000
580783.266	944359.471	1400.000
580785.668	944355.085	1400.000
580788.124	944350.731	1400.000
580790.656	944346.419	1400.000
580793.143	944342.084	1400.000
580795.484	944337.665	1400.000
580797.613	944333.142	1400.000
580799.763	944328.628	1400.000
580801.968	944324.141	1400.000
580804.184	944319.659	1400.000
580806.402	944315.178	1400.000
580808.500	944310.642	1399.996
580810.326	944305.988	1400.001
580812.024	944301.286	1400.000
580813.734	944296.587	1399.994
580815.402	944291.874	1400.000
580817.010	944287.139	1400.000
580818.617	944282.404	1400.000
580820.223	944277.669	1400.000
580821.827	944272.934	1400.000
580822.538	944267.993	1400.000
580823.017	944263.017	1399.955
580824.820	944258.359	1399.999
580826.880	944253.804	1400.000
580828.180	944249.004	1400.001
580828.967	944244.068	1400.000
580829.667	944239.117	1400.000
580830.365	944234.166	1400.000
580831.589	944229.333	1400.000
580833.170	944224.590	1400.000
580834.808	944219.866	1400.000
580836.462	944215.148	1400.000
580838.137	944210.437	1400.000
580839.797	944205.720	1400.000
580841.463	944201.006	1399.998
580843.190	944196.314	1400.000
580844.932	944191.627	1400.000
580846.672	944186.940	1400.000
580848.413	944182.253	1400.000
580850.156	944177.566	1400.000
580851.898	944172.879	1400.000
580853.770	944168.243	1400.001
580855.694	944163.628	1400.000
580857.622	944159.015	1400.000
580859.487	944154.376	1400.000
580861.456	944149.782	1400.000
580863.537	944145.236	1400.000
580865.657	944140.707	1400.000
580867.789	944136.185	1400.000
580869.924	944131.663	1400.000
580872.058	944127.141	1400.000
580874.199	944122.623	1400.000
580876.341	944118.105	1400.000
580878.470	944113.581	1400.000
580880.599	944109.057	1400.000
580882.732	944104.535	1400.000
580884.865	944100.012	1400.000
580886.998	944095.490	1400.000
580889.129	944090.967	1400.000
580891.257	944086.443	1400.000
580893.385	944081.918	1400.000
580895.510	944077.392	1400.000
580897.474	944072.794	1400.000
580899.149	944068.084	1400.000
580900.774	944063.355	1400.000
580902.206	944058.566	1399.997
580903.485	944053.732	1400.000
580904.825	944048.915	1400.000
580906.112	944044.085	1399.993
580907.295	944039.227	1400.000
580908.437	944034.359	1400.000
580909.233	944029.430	1399.995
580909.845	944024.468	1400.000
580910.461	944019.506	1400.000
580911.083	944014.545	1400.000
580912.345	944009.738	1400.000
580914.111	944005.061	1400.000
580915.945	944000.410	1400.000
580917.789	943995.762	1400.000
580919.297	943991.025	1400.000
580919.655	943986.070	1400.000
580919.167	943981.094	1400.012
580918.755	943976.113	1400.000
580918.530	943971.118	1400.000
580918.363	943966.121	1400.000
580918.257	943961.122	1400.007
580918.224	943956.124	1400.000
580918.354	943951.126	1400.000
580918.411	943946.126	1400.000
580918.411	943941.126	1399.999
580918.403	943936.126	1400.000
580918.562	943931.138	1400.000
580919.386	943926.215	1400.000
580920.751	943921.406	1399.984
580922.707	943916.807	1400.000
580924.815	943912.274	1400.000
580926.859	943907.710	1400.000
580929.382	943903.397	1400.000
580931.968	943899.118	1400.000
580934.590	943894.861	1399.995
580937.563	943890.842	1400.000
580940.531	943886.819	1400.000
580943.439	943882.757	1399.993
580947.018	943879.267	1400.001
580950.402	943875.589	1400.000
580953.818	943871.947	1400.008
580957.715	943868.818	1400.000
580960.478	943864.856	1400.017
580961.036	943861.861	1400.004
580956.381	943860.037	1400.000
580951.729	943858.206	1399.998
580947.153	943856.192	1400.000
580942.717	943853.886	1400.000
580938.333	943851.485	1400.000
580934.027	943848.943	1400.001
580930.039	943845.961	1400.000
580926.392	943842.552	1399.999
580922.982	943838.896	1400.000
580919.570	943835.244	1400.000
580916.215	943831.540	1400.000
580913.034	943827.683	1400.000
580909.026	943824.870	1399.982
580904.173	943825.248	1399.999
580899.315	943826.428	1399.998
580894.452	943827.589	1400.000
580889.586	943828.738	1399.997
580884.696	943829.779	1400.000
580879.794	943830.766	1400.000
580874.893	943831.753	1400.000
580870.013	943832.832	1400.000
580865.210	943834.198	1400.000
580860.478	943835.814	1400.000
580855.737	943837.401	1400.000
580850.985	943838.954	1400.000
580846.274	943840.629	1400.000
580841.604	943842.416	1400.001
580836.987	943844.335	1400.000
580832.361	943846.221	1400.000
580827.412	943846.933	1400.012
580822.688	943848.525	1400.000
580817.993	943850.244	1400.000
580813.297	943851.963	1400.000
580808.378	943851.772	1399.981
580803.966	943849.521	1400.000
580799.872	943846.722	1400.000
580796.561	943842.975	1400.000
580793.249	943839.229	1400.000
580790.319	943835.186	1400.000
580787.777	943830.905	1399.995
580786.380	943826.130	1400.000
580785.766	943821.168	1400.000
580785.085	943816.216	1399.999
580783.816	943811.416	1400.091
580779.212	943810.157	1400.000
580774.243	943809.636	1400.006
580769.475	943808.271	1400.008
580764.974	943806.102	1399.999
580761.156	943802.974	1400.000
580757.035	943800.266	1400.000
580752.857	943797.520	1400.000
580750.591	943793.138	1400.000
580748.414	943788.642	1400.012
580746.942	943783.882	1400.004
580745.772	943779.021	1400.000
580744.620	943774.156	1400.000
580743.153	943769.382	1400.000
580741.265	943764.757	1400.000
580739.251	943760.182	1400.002
580737.237	943755.607	1399.999
580735.323	943750.988	1400.000
580733.457	943746.349	1400.000
580731.624	943741.698	1400.000
580729.790	943737.046	1400.000
580727.995	943732.386	1399.991
580728.529	943727.434	1400.000
580730.481	943722.830	1400.000
580732.432	943718.227	1400.000
580734.459	943713.657	1399.995
580737.337	943709.596	1400.000
580740.699	943705.910	1400.000
580744.304	943702.445	1400.000
580747.862	943698.932	1400.000
580751.507	943695.510	1400.000
580755.251	943692.198	1400.000
580759.119	943689.030	1400.000
580763.052	943685.946	1400.015
580767.342	943683.389	1400.007
580771.881	943681.295	1400.000
580776.447	943679.255	1400.000
580781.009	943677.209	1400.000
580785.567	943675.154	1400.000
580790.126	943673.102	1400.000
580794.671	943671.017	1400.000
580799.202	943668.904	1400.000
580803.732	943666.788	1399.999
580808.247	943664.639	1400.000
580812.724	943662.413	1400.000
580817.176	943660.137	1400.000
580821.579	943657.768	1399.998
580825.947	943655.335	1400.000
580830.322	943652.914	1400.000
580834.452	943650.110	1400.000
580838.447	943647.104	1400.000
580842.291	943643.907	1400.000
580845.707	943640.265	1400.000
580849.044	943636.542	1400.000
580852.443	943632.876	1400.000
580856.374	943629.789	1400.000
580860.275	943626.664	1400.000
580864.121	943623.475	1399.987
580868.370	943620.842	1400.000
580872.726	943618.388	1400.000
580877.269	943616.322	1399.991
580882.171	943615.346	1400.000
580887.080	943614.393	1400.000
580892.070	943614.173	1400.000
580897.018	943614.844	1400.000
580901.955	943615.634	1400.000
580906.891	943616.431	1400.000
580911.776	943617.492	1400.000
580916.591	943618.836	1400.000
580921.283	943620.543	1399.975
580925.908	943622.433	1400.000
580930.373	943624.668	1400.000
580934.683	943627.197	1400.000
580938.703	943630.166	1400.000
580942.628	943633.257	1400.000
580946.308	943636.642	1400.000
580950.091	943639.910	1400.000
580953.996	943643.029	1399.996
580958.108	943645.871	1400.000
580962.325	943648.557	1400.000
580966.566	943651.206	1400.000
580970.808	943653.839	1399.995
580974.639	943652.961	1400.018
580976.273	943648.275	1399.941
580977.275	943643.382	1400.002
580978.097	943638.450	1399.995
580978.919	943633.518	1400.000
580979.924	943628.621	1400.000
580981.158	943623.777	1400.000
580982.418	943618.938	1400.000
580983.656	943614.094	1400.000
580985.185	943609.338	1400.000
580987.455	943604.920	1400.000
580991.526	943602.026	1400.000
580996.293	943600.980	1400.000
581001.259	943600.404	1400.004
581006.189	943599.574	1400.000
581011.161	943599.111	1400.000
581016.153	943599.218	1400.000
581021.148	943599.453	1399.999
581026.082	943598.838	1400.006
581030.958	943597.735	1400.000
581035.808	943596.522	1400.018
581040.345	943594.456	1400.000
581044.794	943592.177	1400.000
581049.493	943590.692	1399.991
581054.341	943591.142	1400.000
581058.994	943592.974	1400.000
581063.647	943594.803	1400.000
581068.288	943596.661	1399.990
581072.813	943598.772	1399.998
581077.623	943599.778	1400.000
581081.091	943596.177	1399.984
581084.629	943592.645	1400.000
581088.122	943589.068	1399.997
581091.566	943585.444	1400.000
581094.935	943581.749	1400.000
581098.360	943578.117	1399.965
581102.650	943575.551	1400.000
581106.974	943573.042	1400.000
581111.030	943570.124	1399.999
581114.977	943567.061	1400.000
581118.740	943563.769	1400.000
581122.594	943560.586	1400.000
581126.662	943557.679	1400.000
581130.599	943554.599	1400.000
581134.365	943551.320	1400.000
581137.900	943547.783	1400.000
581140.955	943543.829	1400.000
581144.654	943540.557	1400.000
581148.699	943537.632	1400.000
581152.485	943534.366	1400.000
581156.763	943531.826	1400.000
581161.121	943529.374	1400.000
581165.365	943526.755	1399.997
581169.155	943523.518	1400.000
581172.663	943519.959	1400.000
581175.852	943516.125	1399.921
581180.368	943514.046	1400.000
581185.039	943512.268	1400.000
581189.478	943509.981	1400.000
581193.865	943507.583	1400.000
581197.770	943504.464	1400.000
581201.755	943501.456	1399.965
581206.403	943499.621	1400.000
581211.115	943497.949	1400.000
581215.882	943496.444	1399.985
581220.777	943495.441	1400.000
581225.697	943494.550	1400.000
581230.582	943493.491	1400.000
581235.479	943492.496	1400.000
581240.382	943491.518	1400.000
581245.286	943490.540	1400.000
581250.154	943489.410	1400.001
581254.943	943487.985	1400.000
581259.588	943486.142	1400.000
581264.175	943484.153	1400.009
581268.534	943481.735	1400.000
581272.540	943478.744	1400.000
581276.223	943475.366	1399.993
581280.231	943472.379	1400.000
581284.160	943469.287	1400.000
581288.017	943466.108	1400.000
581291.727	943462.756	1400.000
581295.380	943459.342	1400.000
581299.173	943456.095	1400.000
581303.163	943453.083	1400.000
581307.357	943450.366	1400.000
581311.550	943447.642	1400.001
581315.873	943445.131	1400.000
581320.187	943442.604	1400.000
581324.055	943439.464	1400.000
581327.672	943436.013	1400.000
581331.482	943432.776	1400.000
581333.954	943428.489	1400.000
581336.447	943424.160	1400.000
581339.073	943419.905	1399.998
581341.906	943415.787	1400.000
581344.774	943411.692	1400.000
581347.470	943407.481	1400.000
581349.950	943403.140	1400.000
581352.431	943398.799	1400.000
581355.185	943394.631	1400.011
581358.467	943390.861	1400.000
581361.862	943387.191	1400.000
581365.579	943383.872	1400.028
581369.897	943381.374	1400.000
581374.448	943379.313	1400.000
581379.120	943377.535	1400.000
581383.854	943375.926	1400.000
581388.582	943374.298	1400.000
581393.298	943372.641	1399.997
581398.129	943371.354	1400.000
581402.965	943370.080	1400.000
581407.799	943368.803	1399.999
581412.622	943367.485	1400.000
581417.489	943366.341	1400.000
581422.357	943365.197	1400.000
581427.047	943363.483	1399.979
581431.740	943361.758	1400.000
581436.555	943360.424	1400.000
581441.317	943358.909	1399.982
581445.999	943357.156	1400.000
581450.624	943355.259	1400.000
581455.199	943353.242	1400.000
581459.150	943350.312	1399.976
581461.583	943345.995	1399.997
581463.393	943341.334	1400.004
581465.237	943336.687	1400.000
581467.033	943332.024	1400.000
581468.578	943327.292	1400.000
581471.184	943323.024	1400.000
581473.695	943318.702	1400.000
581477.191	943315.346	1399.991
581482.126	943314.618	1400.000
581487.085	943313.979	1400.000
581492.061	943313.493	1400.000
581497.051	943313.675	1400.011
581502.040	943313.990	1400.000
581507.029	943314.332	1400.000
581511.985	943313.743	1400.000
581516.634	943311.949	1400.000
581521.210	943309.934	1400.000
581525.786	943307.918	1400.000
581530.539	943306.401	1400.000
581535.254	943304.761	1400.000
581539.895	943302.901	1400.000
581544.749	943302.256	1400.000
581549.723	943302.751	1400.000
581554.670	943303.467	1400.000
581559.600	943304.307	1400.000
581564.515	943305.220	1400.009
581569.406	943306.246	1400.000
581574.258	943307.455	1400.000
581579.084	943308.763	1400.000
581583.909	943310.073	1400.000
581588.736	943311.372	1400.103
581593.669	943312.164	1400.000
581598.547	943313.245	1400.000
581603.426	943314.341	1400.000
581608.279	943315.526	1400.000
581612.990	943317.194	1399.962
581617.504	943319.345	1400.000
581622.091	943321.321	1400.033
581626.810	943322.964	1399.948
581631.190	943325.364	1400.000
581635.235	943328.282	1400.000
581639.146	943331.398	1400.000
581643.050	943334.521	1400.000
581646.951	943337.649	1400.000
581650.852	943340.777	1400.000
581654.753	943343.905	1400.000
581658.654	943347.032	1400.000
581662.554	943350.160	1400.000
581666.455	943353.289	1400.000
581670.355	943356.417	1400.000
581674.256	943359.545	1400.000
581678.156	943362.674	1400.000
581682.056	943365.802	1400.000
581685.957	943368.931	1400.000
581689.859	943372.058	1400.000
581693.761	943375.183	1400.000
581697.666	943378.306	1400.000
581701.570	943381.429	1399.999
581705.474	943384.554	1400.000
581709.387	943387.666	1400.000
581713.320	943390.753	1400.000
581717.271	943393.818	1400.000
581721.227	943396.876	1400.000
581725.183	943399.934	1400.000
581729.138	943402.992	1400.000
581733.095	943406.050	1400.000
581737.041	943409.119	1400.000
581740.980	943412.199	1400.000
581744.902	943415.301	1400.000
581748.767	943418.470	1400.000
581752.525	943421.769	1400.000
581756.127	943425.237	1400.000
581759.726	943428.707	1400.000
581763.323	943432.181	1400.000
581766.914	943435.660	1400.000
581770.539	943439.103	1400.000
581774.191	943442.518	1400.000
581777.866	943445.908	1400.000
581781.601	943449.232	1400.000
581785.388	943452.496	1400.000
581789.278	943455.637	1400.000
581793.171	943458.774	1400.000
581797.069	943461.906	1400.000
581800.966	943465.038	1400.000
581804.864	943468.171	1400.000
581808.761	943471.303	1400.000
581812.659	943474.435	1400.000
581816.556	943477.567	1400.000
581820.454	943480.699	1400.000
581824.351	943483.831	1400.000
581828.260	943486.949	1400.000
581832.232	943489.985	1400.000
581836.263	943492.943	1400.005
581840.321	943495.864	1400.000
581844.376	943498.790	1400.000
581848.478	943501.644	1400.000
581852.750	943504.241	1400.000
581857.210	943506.501	1400.000
581861.670	943508.761	1400.000
581866.130	943511.022	1400.000
581870.669	943513.114	1400.000
581875.264	943515.085	1399.994
581879.891	943516.978	1400.000
581884.482	943518.956	1400.000
581889.100	943520.872	1400.000
581893.783	943522.620	1400.000
581898.517	943524.231	1400.000
581903.250	943525.842	1400.000
581907.976	943527.473	1400.000
581912.627	943529.309	1400.000
581917.200	943531.330	1400.000
581921.769	943533.361	1400.000
581926.332	943535.406	1400.000
581930.810	943537.627	1400.000
581935.184	943540.046	1400.000
581939.512	943542.548	1400.000
581943.869	943545.000	1400.000
581948.176	943547.537	1399.999
581952.583	943549.897	1400.000
581956.868	943552.474	1400.000
581961.274	943554.836	1400.000
581965.682	943557.196	1400.000
581970.167	943559.403	1400.000
581974.763	943561.364	1400.000
581979.422	943563.180	1400.000
581984.071	943565.020	1400.000
581988.723	943566.851	1400.000
581993.373	943568.689	1400.000
581998.042	943570.479	1400.000
582002.711	943572.268	1400.000
582007.369	943574.084	1400.000
582012.147	943575.558	1400.000
582017.011	943576.708	1399.975
582021.826	943578.053	1400.031
582026.647	943579.377	1400.000
582031.550	943580.341	1400.000
582036.522	943580.834	1400.000
582041.511	943581.138	1400.051
582046.508	943581.032	1400.000
582051.506	943581.112	1400.000
582056.490	943581.499	1400.000
582061.471	943581.911	1400.039
582066.466	943581.824	1400.000
582071.463	943581.913	1400.000
582076.442	943582.350	1400.000
582081.415	943582.860	1400.000
582086.407	943582.849	1399.978
582091.405	943582.882	1400.000
582096.396	943583.174	1400.000
582101.383	943583.528	1400.000
582106.358	943584.022	1400.015
582111.337	943583.770	1400.000
582116.171	943582.564	1400.000
582120.972	943581.170	1399.976
582125.842	943580.040	1400.000
582130.702	943578.867	1400.000
582135.529	943577.563	1400.000
582140.232	943575.881	1400.000
582144.880	943574.037	1400.000
582149.605	943572.427	1399.999
582154.285	943570.683	1400.000
582158.877	943568.705	1400.000
582163.487	943566.771	1400.035
582168.194	943565.096	1400.000
582172.979	943563.647	1400.000
582177.707	943562.022	1400.001
582182.443	943560.419	1400.000
582187.197	943558.868	1400.000
582191.957	943557.339	1400.000
582196.587	943555.485	1400.029
582200.643	943552.571	1400.000
582204.480	943549.365	1400.000
582208.297	943546.136	1400.000
582212.142	943542.940	1400.000
582215.976	943539.730	1400.000
582219.937	943536.685	1400.000
582224.042	943533.831	1400.000
582228.029	943530.820	1399.997
582231.949	943527.716	1399.997
582235.623	943524.326	1400.000
582239.310	943520.949	1400.010
582243.136	943517.732	1400.000
582247.047	943514.617	1400.000
582250.860	943511.383	1400.000
582255.022	943508.703	1400.002
582259.869	943507.850	1400.000
582264.869	943507.888	1400.001
582269.869	943507.934	1400.000
582274.868	943508.036	1400.000
582279.866	943508.171	1400.000
582284.864	943508.306	1400.000
582289.860	943508.492	1400.000
582294.847	943508.838	1400.000
582299.826	943509.299	1400.000
582304.805	943509.759	1400.000
582309.779	943510.260	1400.004
582314.742	943510.858	1400.000
582319.694	943511.553	1400.000
582324.645	943512.248	1400.000
582329.590	943512.990	1400.000
582334.545	943513.566	1400.021
582339.538	943513.664	1400.000
582344.538	943513.629	1400.000
582349.440	943512.985	1400.000
582353.709	943510.631	1400.000
582357.182	943507.035	1400.000
582360.701	943503.483	1400.000
582364.577	943500.350	1400.000
582368.891	943497.950	1400.000
582373.753	943497.212	1399.996
582378.687	943498.010	1400.008
582383.654	943498.582	1400.000
582388.617	943499.183	1400.000
582393.549	943499.995	1400.000
582398.451	943500.983	1400.003
582403.350	943501.979	1400.000
582408.246	943502.990	1400.000
582413.196	943503.687	1400.000
582418.178	943504.104	1400.000
582423.155	943504.571	1399.993
582428.103	943505.268	1400.000
582433.093	943505.489	1400.000
582438.076	943505.079	1400.000
582443.059	943504.670	1400.000
582448.042	943504.260	1400.000
582453.010	943503.693	1400.000
582457.958	943502.978	1400.000
582462.914	943502.350	1400.000
582467.913	943502.424	1400.000
582472.905	943502.705	1400.000
582477.882	943503.175	1400.000
582482.860	943503.648	1399.998
582487.815	943504.253	1400.000
582492.530	943505.915	1400.000
582496.789	943508.532	1400.000
582500.976	943511.265	1400.000
582505.084	943514.111	1400.000
582509.421	943516.469	1400.000
582514.266	943517.254	1400.001
582519.245	943516.805	1400.000
582524.231	943516.436	1400.000
582529.222	943516.188	1400.000
582534.217	943516.313	1400.006
582539.201	943516.711	1400.000
582544.178	943517.192	1400.000
582549.154	943517.673	1400.000
582554.131	943518.154	1400.000
582559.063	943518.884	1399.928
582563.884	943520.175	1400.000
582568.653	943521.673	1400.000
582573.343	943523.403	1400.000
582577.958	943525.327	1400.000
582582.573	943527.251	1400.001
582587.126	943529.315	1400.000
