581349.637	943611.128	1540.003
581359.275	943608.561	1540.000
581368.968	943606.192	1540.000
581377.911	943601.751	1539.997
581386.547	943596.711	1540.000
581395.222	943591.763	1540.000
581403.350	943585.941	1540.018
581412.577	943582.361	1540.000
581422.557	943581.812	1540.000
581432.413	943580.335	1540.000
581442.354	943581.402	1539.999
581452.191	943583.177	1540.000
581461.979	943585.184	1539.998
581471.885	943585.084	1540.003
581477.744	943577.193	1540.004
581482.517	943568.418	1540.000
581486.322	943559.173	1540.000
581490.310	943550.035	1539.996
581497.573	943543.171	1540.000
581506.276	943538.465	1540.000
581516.030	943539.037	1540.007
581525.843	943540.710	1540.074
581532.571	943534.232	1540.000
581536.738	943525.141	1540.000
581540.927	943516.061	1540.000
581545.033	943506.948	1539.999
581552.125	943499.999	1540.000
581560.222	943494.229	1540.000
581568.860	943489.217	1539.987
581576.699	943483.045	1540.000
581584.375	943476.639	1540.000
581592.029	943470.208	1539.999
581601.427	943469.485	1540.000
581610.775	943472.998	1540.000
581619.802	943477.301	1540.000
581628.838	943481.584	1540.000
581637.767	943486.087	1540.000
581646.759	943490.459	1540.000
581656.039	943494.178	1540.026
581665.410	943497.663	1540.000
581674.764	943501.199	1540.000
581684.164	943504.599	1540.017
581693.716	943507.547	1540.000
581703.303	943510.391	1540.000
581712.799	943513.505	1539.991
581721.931	943517.576	1540.003
581730.991	943521.806	1540.000
581739.882	943526.383	1540.000
581748.767	943530.946	1540.026
581757.202	943536.303	1539.998
581765.456	943541.949	1540.000
581773.707	943547.598	1540.000
581781.862	943553.385	1540.000
581789.967	943559.243	1540.000
581798.185	943564.940	1540.000
581806.391	943570.655	1540.000
581814.492	943576.517	1540.001
581822.555	943582.432	1540.000
581830.770	943588.122	1540.001
581839.593	943592.818	1540.000
581848.531	943597.302	1540.000
581857.557	943601.608	1539.999
581866.628	943605.814	1540.007
581875.747	943609.919	1540.000
581884.861	943614.034	1540.000
581893.449	943619.100	1540.000
581901.287	943625.308	1540.000
581909.094	943631.556	1539.992
581916.829	943637.894	1540.000
581924.574	943644.220	1539.999
581932.657	943650.084	1540.000
581941.391	943654.948	1540.000
581950.321	943659.437	1540.000
581959.661	943662.995	1540.000
581969.065	943666.397	1540.000
581978.440	943669.875	1540.000
581987.801	943673.394	1540.000
581997.030	943677.236	1540.013
582006.409	943680.695	1540.000
582015.678	943684.444	1540.000
582024.856	943688.413	1540.000
582033.935	943692.604	1540.001
582042.891	943697.053	1540.000
582051.954	943701.269	1540.000
582061.326	943704.757	1540.000
582070.825	943707.843	1540.000
582080.505	943710.351	1540.000
582090.237	943712.606	1540.000
582100.037	943711.326	1540.000
582109.794	943709.159	1540.013
582119.405	943706.418	1540.000
582129.017	943703.693	1540.000
582138.941	943702.796	1540.000
582148.935	943702.582	1540.000
582158.885	943703.505	1540.000
582168.757	943705.056	1540.000
582178.712	943705.631	1539.990
582186.979	943708.105	1539.989
582182.163	943716.858	1540.004
582178.221	943726.048	1540.000
582175.760	943735.699	1539.993
582173.911	943745.526	1540.000
582170.737	943754.939	1540.000
582166.003	943763.746	1539.996
582161.362	943772.601	1540.000
582155.934	943780.997	1540.000
582150.312	943789.264	1540.004
582144.394	943797.324	1540.000
582138.168	943805.139	1540.000
582131.365	943812.457	1539.999
582123.450	943818.569	1540.000
582115.401	943824.502	1540.000
582107.410	943830.504	1540.000
582100.026	943837.247	1540.000
582093.088	943844.443	1540.000
582085.721	943849.145	1540.017
582077.738	943843.315	1540.000
582069.581	943837.549	1540.000
582061.013	943832.395	1540.000
582052.753	943826.761	1540.000
582046.215	943819.222	1540.000
582040.328	943811.148	1540.000
582033.429	943803.923	1540.000
582024.827	943798.907	1540.002
582016.175	943793.894	1539.999
582007.127	943789.735	1540.000
581997.340	943787.681	1540.000
581987.474	943786.119	1539.999
581977.601	943784.569	1540.000
581968.085	943781.727	1540.000
581959.806	943776.141	1540.000
581951.833	943770.144	1539.995
581944.446	943763.529	1539.959
581936.789	943757.123	1539.964
581929.553	943750.277	1540.020
581921.774	943744.016	1540.000
581914.254	943737.426	1540.001
581906.180	943731.563	1540.000
581897.417	943726.745	1540.000
581888.561	943722.103	1540.000
581879.565	943717.758	1539.997
581870.684	943713.201	1540.000
581861.210	943710.065	1540.000
581851.571	943707.407	1540.000
581841.732	943705.635	1540.000
581831.847	943704.191	1540.000
581821.936	943705.278	1540.000
581812.057	943706.830	1540.000
581802.269	943708.858	1540.000
581792.530	943711.130	1540.000
581783.183	943714.636	1540.000
581774.002	943718.599	1540.000
581764.726	943722.333	1540.000
581755.533	943726.265	1540.000
581745.905	943728.712	1540.000
581736.026	943730.261	1540.000
581726.534	943728.754	1540.000
581719.203	943721.955	1540.000
581711.917	943715.105	1540.000
581704.055	943709.060	1539.966
581694.719	943705.505	1540.000
581684.927	943703.824	1539.997
581675.047	943702.435	1540.000
581665.124	943702.411	1540.000
581655.287	943704.212	1540.000
581645.450	943706.008	1540.001
581635.619	943707.836	1540.000
581625.706	943709.075	1540.000
581615.738	943709.881	1540.000
581605.807	943709.576	1540.000
581596.118	943707.099	1540.000
581586.286	943705.394	1540.012
581576.301	943705.779	1540.000
581566.338	943706.599	1540.015
581556.533	943708.557	1540.000
581546.711	943710.431	1540.000
581536.857	943712.136	1540.000
581526.931	943713.066	1540.000
581516.966	943712.228	1540.000
581506.989	943711.568	1540.000
581497.461	943709.125	1540.000
581487.942	943706.669	1540.012
581477.958	943707.214	1540.000
581468.050	943708.394	1540.005
581458.749	943712.047	1540.000
581449.221	943714.842	1540.000
581439.250	943715.564	1540.000
581429.338	943714.638	1540.000
581419.623	943712.272	1540.000
581409.904	943709.922	1540.003
581400.244	943707.338	1540.000
581390.560	943704.843	1540.000
581380.924	943702.249	1540.007
581371.047	943700.711	1540.000
581361.126	943699.458	1540.003
581351.226	943698.057	1540.000
581341.432	943696.044	1540.000
581331.552	943694.775	1540.000
581321.569	943695.342	1540.000
581312.596	943698.529	1540.004
581308.827	943707.791	1540.000
581305.388	943717.179	1540.000
581301.797	943726.502	1540.000
581298.593	943735.959	1540.000
581293.270	943744.298	1540.000
581286.728	943751.799	1540.000
581279.079	943758.237	1540.010
581272.704	943765.931	1540.000
581266.720	943773.925	1540.000
581261.069	943782.170	1540.004
581256.022	943790.779	1540.000
581249.898	943798.679	1540.000
581243.317	943806.198	1540.006
581236.326	943813.347	1539.993
581229.626	943820.765	1540.000
581222.802	943828.045	1540.000
581218.452	943837.007	1540.000
581219.576	943846.840	1540.000
581219.655	943856.813	1540.000
581220.207	943866.786	1540.000
581221.182	943876.738	1540.000
581221.701	943886.716	1540.000
581221.192	943896.699	1540.000
581219.051	943906.425	1540.000
581218.630	943916.320	1539.998
581216.289	943924.026	1540.000
581206.353	943923.002	1539.999
581196.389	943922.167	1539.997
581186.451	943922.731	1540.005
581176.534	943923.838	1540.000
581166.744	943925.575	1540.003
581157.712	943929.866	1540.000
581149.110	943934.886	1540.000
581140.957	943940.674	1540.007
581133.298	943947.102	1540.000
581127.800	943955.185	1540.000
581123.859	943964.346	1539.986
581116.100	943963.747	1539.980
581112.577	943954.412	1540.000
581112.085	943944.624	1540.000
581114.652	943934.974	1539.997
581120.095	943926.629	1540.000
581126.114	943918.649	1540.000
581132.154	943910.685	1540.002
581137.266	943902.091	1540.000
581141.460	943893.034	1540.000
581145.748	943884.004	1539.978
581149.788	943874.859	1540.000
581151.929	943865.188	1540.000
581152.629	943855.212	1539.999
581153.113	943845.231	1540.000
581154.345	943835.319	1540.030
581157.322	943825.799	1540.000
581159.522	943816.048	1540.000
581159.804	943806.123	1540.000
581158.689	943796.269	1540.000
581160.593	943786.453	1540.000
581162.849	943776.715	1540.004
581167.165	943767.761	1540.008
581173.864	943760.352	1540.000
581179.806	943752.317	1540.000
581184.821	943743.678	1539.993
581191.575	943736.310	1540.000
581197.843	943728.526	1540.000
581203.756	943720.464	1540.000
581209.381	943712.197	1539.999
581215.181	943704.053	1540.000
581221.258	943696.113	1540.000
581227.760	943688.520	1540.003
581234.683	943681.307	1540.000
581241.372	943673.879	1540.000
581248.006	943666.398	1540.000
581254.909	943659.164	1540.000
581261.265	943651.457	1540.000
581267.906	943643.995	1540.000
581275.669	943637.703	1540.000
581284.916	943634.000	1540.000
581294.503	943631.179	1540.000
581304.117	943628.428	1540.000
581313.652	943625.424	1540.000
581323.005	943621.887	1540.000
581332.485	943618.730	1540.000