582595.918	943580.633	1440.000
582600.531	943582.561	1440.000
582605.130	943584.523	1440.001
582609.784	943586.344	1440.000
582614.531	943587.907	1440.000
582619.336	943589.291	1440.000
582624.141	943590.673	1440.000
582628.947	943592.051	1440.003
582633.763	943593.398	1440.000
582638.576	943594.751	1440.000
582643.390	943596.104	1440.000
582648.203	943597.458	1440.000
582651.611	943601.083	1439.998
582650.197	943603.857	1440.000
582645.717	943606.077	1440.000
582641.294	943608.402	1440.000
582636.972	943610.917	1440.000
582632.634	943613.394	1439.996
582628.219	943615.739	1440.000
582624.162	943618.647	1440.000
582620.481	943621.995	1440.006
582617.758	943626.186	1440.000
582614.858	943630.255	1440.000
582612.055	943634.381	1440.000
582609.682	943638.782	1440.000
582607.299	943643.178	1440.002
582604.742	943647.474	1440.000
582601.936	943651.612	1440.000
582599.060	943655.702	1440.000
582595.762	943659.427	1440.000
582592.071	943662.798	1440.000
582588.202	943665.965	1440.000
582584.047	943668.737	1440.000
582579.814	943671.398	1440.000
582575.872	943674.434	1439.955
582573.491	943678.744	1440.000
582572.070	943683.538	1440.000
582570.723	943688.351	1439.996
582569.707	943693.246	1440.000
582568.915	943698.182	1440.000
582568.122	943703.119	1440.000
582567.332	943708.056	1440.000
582566.551	943712.995	1440.000
582565.828	943717.942	1440.000
582565.059	943722.880	1440.001
582563.360	943727.570	1440.000
582561.089	943732.025	1440.000
582558.895	943736.517	1440.000
582554.791	943738.540	1440.000
582549.935	943739.645	1440.000
582545.320	943741.526	1440.000
582540.815	943743.692	1440.000
582536.250	943745.732	1440.000
582531.700	943747.802	1440.009
582527.161	943749.888	1440.000
582522.667	943752.080	1440.000
582518.163	943754.251	1440.000
582513.670	943756.445	1439.998
582509.190	943758.665	1440.000
582504.713	943760.892	1440.000
582500.211	943763.066	1440.000
582495.675	943765.169	1440.000
582491.140	943767.274	1440.000
582486.600	943769.368	1440.000
582482.066	943771.478	1440.000
582477.526	943773.573	1440.000
582472.993	943775.681	1440.000
582468.462	943777.797	1440.000
582463.921	943779.888	1440.000
582459.393	943782.009	1439.999
582454.886	943784.173	1440.000
582450.522	943786.594	1440.000
582446.039	943788.722	1440.000
582441.231	943790.092	1440.000
582436.422	943791.462	1440.000
582431.621	943792.858	1440.000
582426.836	943794.306	1440.000
582422.031	943795.689	1440.000
582417.226	943797.072	1440.000
582412.422	943798.460	1439.998
582407.715	943800.136	1439.999
582403.261	943802.402	1439.998
582398.898	943804.844	1440.000
582394.537	943807.290	1440.000
582390.247	943809.859	1440.001
582385.945	943812.407	1440.000
582381.725	943815.088	1440.000
582377.548	943817.826	1440.003
582374.324	943821.648	1440.000
582371.085	943825.456	1440.000
582368.250	943829.535	1440.003
582366.498	943834.169	1440.000
582365.644	943839.095	1440.000
582364.798	943844.023	1440.000
582363.980	943848.956	1440.000
582363.157	943853.887	1440.000
582362.315	943858.816	1440.000
582361.424	943863.736	1440.000
582360.407	943868.630	1440.000
582359.208	943873.484	1440.000
582357.500	943878.055	1440.000
582352.607	943879.086	1440.000
582347.826	943880.551	1440.000
582343.185	943882.407	1440.000
582338.328	943883.564	1440.000
582333.441	943884.624	1440.000
582328.589	943885.830	1440.000
582323.737	943887.036	1440.003
582318.867	943888.166	1440.000
582313.992	943889.278	1440.000
582309.211	943890.721	1439.991
582304.564	943892.558	1440.000
582299.965	943894.520	1440.000
582295.346	943896.435	1439.999
582290.730	943898.350	1440.000
582286.236	943900.535	1440.000
582281.865	943902.962	1440.000
582277.584	943905.545	1440.000
582273.297	943908.119	1440.000
582269.006	943910.684	1440.009
582264.623	943913.089	1440.000
582260.248	943915.510	1440.000
582255.984	943918.104	1440.000
582251.948	943921.053	1440.000
582247.730	943923.738	1440.000
582244.694	943927.570	1440.000
582244.094	943932.534	1440.000
582243.795	943937.525	1440.000
582243.496	943942.516	1440.000
582243.199	943947.507	1440.000
582242.213	943952.409	1440.000
582240.601	943957.141	1440.000
582239.156	943961.927	1439.996
582237.874	943966.760	1440.000
582236.340	943971.517	1440.000
582234.306	943976.076	1440.013
582231.914	943980.466	1440.000
582229.483	943984.835	1440.000
582226.440	943988.659	1440.000
582222.249	943991.385	1440.000
582217.951	943993.935	1440.000
582213.580	943996.362	1440.000
582208.956	943998.230	1439.996
582204.167	943999.662	1439.997
582199.387	944001.120	1440.010
582194.654	944002.731	1439.999
582189.891	944004.242	1440.000
582185.072	944005.574	1440.000
582180.252	944006.902	1439.997
582175.536	944008.513	1440.016
582170.847	944010.230	1439.998
582166.081	944011.742	1440.000
582162.568	944014.711	1440.000
582159.593	944018.636	1439.980
582154.839	944019.748	1440.000
582149.931	944020.564	1440.000
582145.076	944021.754	1440.000
582140.137	944022.255	1439.999
582135.140	944022.137	1440.000
582130.152	944022.295	1440.000
582125.170	944022.707	1440.001
582120.180	944022.716	1440.000
582115.190	944022.404	1440.000
582110.200	944022.392	1440.000
582105.209	944022.676	1440.001
582100.215	944022.658	1440.000
582095.222	944022.382	1440.000
582090.230	944022.106	1440.000
582085.237	944021.831	1440.000
582080.245	944021.557	1440.000
582075.252	944021.284	1440.000
582070.260	944021.010	1440.000
582065.268	944020.734	1440.000
582060.275	944020.459	1440.000
582055.283	944020.183	1440.000
582050.290	944019.920	1440.000
582045.296	944019.673	1440.000
582040.302	944019.426	1440.000
582035.308	944019.180	1440.000
582030.317	944018.879	1440.000
582025.331	944018.511	1440.000
582020.344	944018.158	1439.999
582015.353	944017.856	1440.000
582010.370	944017.478	1440.000
582005.401	944016.916	1440.000
582000.432	944016.365	1440.001
581995.455	944015.897	1440.005
581990.473	944015.480	1440.000
581985.497	944014.986	1440.000
581980.519	944014.517	1439.997
581975.533	944014.219	1439.983
581970.708	944013.306	1440.000
581966.223	944011.102	1440.000
581961.798	944008.775	1440.000
581957.446	944006.321	1440.000
581953.619	944003.105	1440.005
581949.965	943999.693	1440.000
581946.569	943996.050	1440.029
581944.304	943991.646	1440.000
581943.176	943986.775	1439.964
581942.527	943981.830	1440.000
581941.083	943977.051	1440.000
581939.656	943972.259	1440.000
581938.620	943967.368	1440.000
581937.997	943962.407	1440.000
581937.373	943957.446	1440.000
581936.815	943952.478	1440.000
581935.312	943947.709	1440.000
581933.044	943943.257	1440.000
581930.734	943938.822	1440.000
581928.422	943934.389	1440.000
581925.373	943930.501	1439.948
581920.842	943928.731	1440.000
581915.862	943928.296	1439.994
581910.911	943927.604	1439.999
581905.988	943926.734	1440.000
581901.050	943925.946	1440.000
581896.113	943925.156	1440.000
581891.192	943924.282	1440.000
581886.337	943923.097	1440.003
581881.540	943921.685	1439.996
581876.765	943920.204	1440.000
581872.037	943918.610	1440.000
581867.676	943916.163	1440.000
581863.771	943913.045	1440.000
581862.284	943908.447	1440.000
581863.992	943903.960	1440.194
581863.288	943899.053	1440.000
581862.168	943894.180	1440.000
581862.027	943889.233	1440.000
581863.234	943884.421	1440.010
581864.549	943879.600	1440.006
581865.664	943874.726	1440.000
581867.092	943869.947	1440.001
581868.716	943865.242	1440.021
581868.312	943861.044	1440.115
581863.411	943860.258	1439.999
581858.436	943859.757	1440.000
581853.459	943859.281	1440.000
581848.500	943858.645	1440.000
581843.571	943857.813	1440.000
581838.648	943856.941	1440.000
581833.679	943856.425	1439.973
581828.711	943855.863	1440.000
581823.755	943855.206	1440.000
581818.804	943854.509	1440.000
581813.843	943853.905	1440.029
581808.853	943853.965	1440.000
581803.877	943854.440	1440.000
581798.909	943855.000	1440.000
581793.948	943855.624	1439.997
581789.003	943856.358	1440.000
581784.069	943857.172	1440.000
581779.142	943858.018	1440.003
581774.261	943859.095	1440.000
581769.552	943860.733	1440.000
581765.108	943862.998	1440.000
581760.825	943865.578	1440.000
581756.605	943868.254	1440.000
581752.525	943871.145	1440.000
581749.024	943874.707	1440.000
581745.864	943878.574	1440.000
581742.876	943882.583	1439.994
581738.865	943885.558	1440.000
581734.923	943888.622	1440.000
581731.163	943891.917	1439.996
581727.595	943895.411	1440.000
581724.022	943898.908	1440.000
581720.661	943902.596	1440.000
581717.881	943906.752	1440.000
581715.269	943911.014	1440.000
581712.928	943915.428	1439.999
581710.720	943919.914	1440.000
581708.503	943924.396	1440.000
581705.749	943928.511	1440.000
581702.306	943932.138	1440.000
581699.266	943936.103	1440.000
581695.085	943937.689	1440.000
581690.131	943937.062	1440.000
581685.257	943935.971	1440.000
581680.439	943934.635	1440.000
581675.620	943933.301	1440.000
581670.829	943931.876	1440.001
581666.120	943930.201	1440.000
581661.473	943928.355	1440.000
581656.832	943926.496	1440.000
581652.203	943924.606	1440.000
581647.696	943922.441	1440.000
581643.323	943920.018	1440.000
581638.956	943917.590	1440.001
581634.493	943915.342	1439.990
581630.127	943912.906	1440.000
581626.101	943909.978	1440.000
581622.379	943906.683	1440.000
581619.194	943902.829	1440.000
581616.029	943899.000	1440.000
581612.804	943895.240	1439.997
581610.367	943890.875	1440.014
581608.665	943886.206	1440.000
581607.798	943881.282	1440.000
581606.956	943876.353	1440.000
581606.044	943871.440	1439.984
581604.544	943866.727	1440.033
581600.149	943865.877	1440.000
581595.292	943867.065	1440.000
581590.449	943868.305	1440.001
581585.608	943869.556	1440.000
581580.755	943870.757	1440.000
581575.911	943871.996	1440.002
581571.216	943873.673	1440.000
581566.768	943875.951	1440.000
581562.479	943878.522	1440.000
581558.081	943880.899	1440.004
581553.575	943883.064	1440.000
581549.140	943885.372	1440.000
581544.612	943887.472	1440.000
581539.991	943889.383	1440.000
581535.372	943891.297	1440.000
581530.610	943892.553	1440.000
581525.614	943892.566	1440.000
581520.621	943892.294	1440.000
581515.629	943892.014	1440.000
581510.651	943891.597	1440.010
581505.830	943890.454	1440.000
581501.231	943888.491	1440.000
581496.653	943886.483	1440.000
581492.060	943884.541	1440.000
581487.123	943883.846	1440.000
581482.160	943884.456	1440.000
581477.208	943885.149	1440.000
581472.255	943885.828	1440.000
581467.306	943886.542	1440.000
581462.368	943887.323	1440.003
581460.882	943891.451	1440.094
581463.242	943895.758	1439.958
581465.306	943900.280	1440.001
581467.376	943904.831	1440.000
581469.544	943909.335	1440.002
581471.525	943913.925	1440.000
581473.466	943918.532	1440.005
581475.378	943923.149	1439.994
581476.558	943928.002	1440.000
581477.628	943932.886	1440.000
581478.869	943937.730	1439.997
581479.925	943942.616	1440.000
581480.880	943947.524	1440.000
581482.375	943952.295	1440.000
581484.340	943956.891	1440.000
581486.326	943961.480	1440.000
581488.339	943966.056	1440.000
581490.291	943970.658	1439.994
581492.162	943975.293	1440.000
581494.003	943979.941	1440.000
581495.864	943984.582	1440.000
581497.364	943989.326	1440.000
581497.868	943994.273	1440.000
581497.684	943999.270	1439.998
581497.648	944004.264	1439.999
581498.190	944009.223	1440.000
581499.140	944014.131	1439.997
581499.901	944019.070	1439.998
581500.401	944024.043	1440.000
581500.790	944029.025	1440.000
581501.872	944033.854	1440.000
581503.644	944038.502	1440.022
581504.496	944043.417	1440.000
581504.734	944048.409	1439.999
581504.620	944053.406	1440.000
581504.005	944058.346	1439.946
581499.911	944060.464	1439.997
581495.021	944061.469	1440.000
581490.207	944062.814	1440.000
581485.452	944064.357	1439.998
581480.769	944066.107	1440.000
581476.118	944067.941	1439.999
581471.392	944069.167	1440.007
581466.439	944068.538	1440.000
581461.548	944067.498	1440.000
581456.658	944066.456	1440.000
581451.769	944065.407	1440.000
581446.888	944064.324	1440.000
581442.006	944063.242	1440.000
581437.124	944062.164	1440.000
581432.236	944061.156	1440.000
581427.241	944061.389	1439.999
581422.243	944061.501	1439.997
581417.268	944061.044	1440.000
581412.302	944060.527	1440.000
581407.369	944061.343	1440.000
581402.439	944062.180	1440.000
581397.515	944063.046	1440.000
581392.591	944063.914	1440.000
581387.734	944065.102	1440.000
581382.969	944066.610	1439.996
581378.256	944068.280	1440.000
581373.551	944069.973	1440.000
581369.785	944073.127	1440.000
581366.347	944076.757	1440.000
581362.908	944080.386	1440.000
581359.353	944083.901	1440.000
581355.742	944087.360	1440.000
581352.010	944090.684	1439.994
581347.699	944093.194	1440.000
581343.226	944095.427	1440.000
581338.665	944097.473	1440.000
581333.741	944098.171	1440.000
581328.757	944097.979	1440.000
581323.773	944097.574	1440.000
581318.792	944097.142	1440.000
581313.824	944096.586	1440.005
581308.854	944096.036	1440.007
581303.869	944095.656	1440.000
581298.880	944095.321	1440.000
581293.912	944094.780	1439.996
581289.461	944096.339	1439.945
581288.904	944100.827	1439.971
581289.878	944105.715	1440.000
581291.080	944110.568	1440.000
581292.123	944115.457	1440.000
581293.100	944120.361	1440.000
581294.093	944125.261	1440.000
581295.109	944130.156	1439.995
581295.738	944135.050	1439.995
581294.113	944139.290	1440.000
581291.458	944143.431	1440.014
581289.187	944147.859	1439.984
581284.690	944149.743	1440.000
581279.825	944150.897	1440.000
581274.955	944152.029	1440.000
581270.098	944153.211	1440.000
581265.259	944154.471	1440.000
581260.422	944155.738	1440.000
581255.586	944157.007	1440.000
581250.750	944158.276	1440.000
581245.914	944159.546	1440.000
581241.126	944160.968	1440.033
581238.446	944164.352	1440.024
581238.847	944169.311	1440.000
581239.434	944174.276	1439.998
581239.900	944179.253	1439.999
581240.130	944184.246	1440.000
581240.101	944189.244	1440.000
581239.349	944194.132	1439.993
581236.867	944198.292	1440.000
581232.478	944200.686	1440.000
581228.663	944203.917	1440.002
581225.070	944207.388	1440.000
581221.718	944211.098	1440.000
581219.413	944215.384	1439.962
581220.217	944219.969	1440.000
581222.623	944224.352	1440.000
581225.110	944228.689	1440.000
581227.637	944233.003	1440.000
581230.029	944237.394	1440.000
581232.420	944241.785	1440.000
581234.459	944246.350	1440.002
581236.436	944250.942	1439.995
581237.573	944255.770	1440.000
581238.285	944260.719	1440.002
581239.317	944265.599	1440.050
581241.723	944269.970	1440.000
581243.752	944274.467	1439.999
581244.058	944279.335	1439.959
581241.487	944283.608	1440.000
581238.465	944287.590	1440.001
581235.213	944291.387	1440.001
581231.810	944295.036	1440.000
581228.564	944298.840	1440.000
581225.506	944302.781	1439.995
581223.916	944307.500	1440.000
581222.987	944312.413	1440.000
581221.103	944317.042	1440.002
581219.759	944321.853	1439.997
581218.939	944326.784	1440.000
581218.038	944331.701	1440.000
581216.572	944336.475	1440.005
581215.146	944341.268	1440.000
581213.735	944346.064	1440.000
581212.232	944350.831	1440.002
581210.286	944355.432	1440.000
581208.224	944359.987	1440.000
581205.923	944364.418	1440.019
581202.909	944368.389	1440.000
581199.531	944372.076	1440.000
581196.098	944375.710	1439.999
581192.604	944379.287	1440.000
581188.855	944382.595	1440.000
581185.170	944385.974	1440.001
581181.617	944389.491	1440.000
581178.064	944393.009	1440.001
581174.533	944396.548	1439.998
581171.031	944400.114	1440.000
581167.421	944403.572	1439.999
581164.064	944407.276	1439.998
581161.061	944411.273	1440.000
581158.596	944415.604	1440.001
581156.028	944419.882	1440.000
581153.213	944424.014	1440.000
581150.376	944428.131	1440.001
581147.418	944432.162	1440.000
581144.679	944436.343	1440.000
581141.881	944440.486	1439.998
581138.605	944444.257	1440.000
581135.200	944447.918	1440.000
581131.893	944451.667	1440.003
581129.123	944455.825	1440.000
581126.429	944460.037	1440.000
581123.567	944464.132	1439.993
581120.246	944467.867	1440.000
581117.160	944471.800	1439.994
581113.421	944474.900	1439.995
581108.496	944475.730	1440.002
581103.571	944476.587	1440.001
581098.649	944477.469	1440.000
581098.690	944481.736	1439.917
581099.370	944486.610	1439.986
581100.259	944491.529	1440.000
581100.061	944496.494	1440.000
581100.005	944501.489	1440.000
581101.389	944506.215	1439.954
581103.575	944510.707	1440.000
581103.947	944515.432	1440.000
581103.023	944520.346	1440.000
581102.090	944525.258	1440.000
581101.150	944530.169	1440.000
581100.211	944535.080	1440.000
581099.144	944539.963	1440.000
581097.844	944544.791	1440.000
581096.440	944549.589	1440.001
581094.493	944554.159	1439.985
581090.884	944557.579	1440.000
581086.878	944560.572	1440.000
581082.885	944563.581	1440.000
581078.943	944566.657	1440.000
581075.030	944569.769	1440.000
581071.154	944572.926	1440.000
581067.465	944576.300	1440.000
581063.775	944579.675	1440.000
581060.085	944583.049	1440.000
581056.395	944586.423	1440.000
581052.668	944589.755	1440.000
581048.323	944592.191	1440.005
581043.774	944594.267	1440.000
581039.180	944596.237	1440.002
581034.367	944597.479	1440.000
581029.462	944597.068	1440.000
581024.588	944595.956	1440.000
581019.717	944594.824	1440.000
581014.857	944593.653	1440.000
581010.718	944591.243	1439.956
581006.564	944588.535	1440.000
581002.468	944585.723	1440.000
580998.302	944582.957	1440.000
580994.138	944580.192	1440.000
580989.483	944579.425	1440.000
580984.513	944579.969	1440.000
580979.533	944580.404	1440.005
580974.542	944580.702	1440.000
580969.583	944581.275	1440.000
580964.655	944582.121	1440.000
580959.811	944583.329	1440.000
580955.026	944584.778	1440.000
580950.142	944585.658	1440.000
580945.148	944585.894	1440.000
580940.190	944586.427	1440.004
580937.907	944588.742	1440.032
580940.182	944593.007	1440.000
580941.451	944597.844	1439.999
580942.550	944602.720	1440.000
580943.243	944607.672	1440.000
580943.885	944612.631	1440.000
580944.309	944617.613	1440.000
580944.776	944622.591	1440.000
580945.429	944627.548	1440.000
580946.321	944632.467	1440.000
580947.583	944637.305	1440.000
580948.848	944642.143	1440.000
580950.097	944646.984	1440.000
580951.372	944651.819	1439.996
580952.858	944656.592	1439.996
580954.238	944661.397	1440.000
580955.629	944666.200	1440.000
580956.624	944671.093	1439.994
580955.070	944675.580	1439.996
580951.342	944678.715	1440.000
580946.553	944680.148	1439.999
580941.655	944680.973	1439.963
580936.732	944680.239	1440.000
580931.844	944679.198	1440.000
580926.888	944678.533	1440.002
580921.936	944677.850	1440.009
580916.993	944677.102	1439.989
580912.192	944676.338	1440.000
580908.283	944679.455	1440.000
580904.301	944682.477	1440.000
580899.683	944684.316	1440.000
580894.901	944685.776	1440.000
580890.062	944687.009	1440.000
580885.406	944688.693	1440.000
580881.001	944691.060	1440.000
580876.504	944693.203	1439.842
580872.331	944695.803	1440.000
580867.505	944697.109	1440.000
580862.674	944698.392	1440.007
580859.229	944701.865	1439.938
580857.747	944706.618	1440.000
580856.961	944711.549	1439.988
580858.576	944716.113	1440.017
580860.454	944720.718	1439.938
580861.811	944725.470	1440.000
580862.816	944730.363	1440.000
580864.864	944734.846	1440.000
580867.597	944739.033	1440.000
580870.308	944743.234	1440.000
580872.844	944747.522	1440.000
580874.371	944752.283	1439.999
580874.654	944757.265	1439.997
580875.183	944762.237	1440.000
580875.731	944767.206	1440.000
580876.104	944772.192	1439.999
580875.536	944777.154	1439.997
580874.689	944782.081	1440.000
580873.831	944787.007	1440.000
580872.975	944791.933	1440.000
580872.055	944796.847	1440.000
580871.057	944801.747	1440.000
580870.106	944806.656	1440.000
580869.641	944811.629	1439.992
580869.880	944816.615	1440.000
580870.251	944821.601	1440.000
580870.608	944826.588	1439.999
580871.012	944831.571	1439.990
580871.908	944836.484	1440.000
580872.924	944841.380	1440.000
580873.939	944846.276	1440.000
580874.955	944851.171	1440.000
580875.971	944856.067	1440.000
580876.986	944860.963	1440.000
580878.002	944865.859	1440.000
580879.018	944870.754	1440.000
580880.021	944875.653	1440.000
580880.981	944880.559	1439.992
580881.843	944885.484	1440.000
580882.689	944890.412	1440.000
580883.731	944895.300	1440.000
580884.860	944900.170	1440.002
580885.844	944905.068	1439.997
580886.513	944910.013	1440.000
580886.762	944915.005	1440.000
580886.886	944920.004	1440.000
580886.968	944925.003	1440.000
580886.906	944930.001	1440.000
580886.916	944934.998	1440.000
580887.104	944939.994	1440.000
580887.307	944944.990	1440.000
580887.570	944949.983	1440.000
580887.814	944954.976	1440.000
580887.992	944959.973	1440.000
580888.180	944964.970	1440.000
580888.422	944969.964	1440.000
580888.651	944974.958	1440.000
580888.826	944979.955	1440.000
580889.010	944984.952	1440.000
580889.252	944989.945	1440.000
580889.588	944994.934	1440.000
580889.971	944999.919	1440.000
580890.353	945004.905	1440.000
580890.758	945009.888	1440.000
580891.293	945014.858	1440.000
580891.943	945019.816	1440.000
580892.592	945024.773	1440.000
580893.223	945029.733	1440.000
580893.792	945034.701	1440.000
580894.298	945039.675	1440.000
580894.804	945044.649	1440.000
580895.311	945049.624	1440.000
580895.817	945054.598	1440.000
580896.325	945059.572	1440.000
580896.834	945064.546	1440.000
580897.343	945069.520	1440.000
580897.851	945074.494	1440.000
580898.359	945079.468	1440.000
580898.865	945084.443	1440.000
580899.419	945089.411	1440.000
580900.245	945094.336	1440.002
580901.338	945099.213	1440.019
580902.311	945104.109	1440.000
580902.948	945109.067	1440.000
580903.884	945113.969	1440.000
580905.274	945118.772	1440.000
580906.657	945123.577	1440.003
580908.040	945128.382	1439.998
580909.402	945133.192	1440.000
580910.817	945137.988	1440.000
580912.232	945142.784	1440.000
580913.647	945147.579	1440.000
580915.079	945152.370	1440.000
580916.560	945157.145	1440.002
580918.117	945161.897	1439.995
580919.662	945166.652	1440.000
580921.429	945171.328	1440.000
580924.007	945175.583	1440.000
580926.838	945179.704	1440.001
580929.671	945183.824	1439.999
580932.519	945187.934	1440.000
580935.591	945191.878	1440.000
580938.665	945195.822	1440.000
580941.739	945199.765	1440.000
580944.813	945203.709	1440.000
580947.889	945207.651	1440.000
580951.005	945211.560	1440.000
580954.429	945215.192	1440.001
580958.070	945218.619	1439.999
580961.706	945222.051	1439.999
580965.335	945225.491	1439.999
580968.959	945228.935	1439.997
580972.544	945232.415	1440.000
580974.830	945236.862	1439.999
580977.101	945241.316	1440.000
580979.379	945245.767	1440.000
580981.694	945250.199	1440.000
580984.160	945254.545	1440.000
580986.761	945258.816	1440.003
580989.369	945263.081	1439.999
580991.976	945267.348	1439.999
580994.795	945271.476	1440.000
580997.737	945275.518	1440.000
581000.707	945279.541	1440.000
581003.676	945283.564	1440.000
581006.646	945287.586	1440.000
581009.616	945291.609	1440.000
581012.586	945295.631	1440.000
581015.557	945299.653	1440.000
581018.528	945303.674	1440.000
581021.499	945307.696	1440.000
581024.470	945311.718	1440.000
581027.440	945315.739	1440.000
581030.421	945319.754	1440.000
581033.663	945323.521	1440.000
581037.505	945326.721	1440.000
581041.289	945329.988	1440.000
581044.942	945333.391	1440.000
581048.230	945337.157	1440.000
581051.518	945340.924	1440.000
581054.747	945344.742	1440.000
581057.940	945348.589	1440.000
581061.107	945352.458	1440.000
581064.088	945356.472	1440.000
581067.065	945360.490	1440.000
581070.035	945364.511	1440.000
581073.049	945368.500	1440.000
581076.168	945372.408	1440.000
581079.050	945376.494	1440.000
581081.924	945380.585	1439.999
581084.789	945384.683	1439.999
581087.658	945388.778	1439.999
581090.488	945392.899	1440.000
581093.317	945397.016	1440.012
581096.566	945400.815	1440.000
581099.788	945404.637	1440.000
581103.026	945408.447	1440.000
581106.308	945412.219	1440.000
581109.821	945415.776	1440.000
581113.277	945419.384	1440.000
581116.494	945423.212	1440.000
581119.710	945427.040	1440.000
581122.942	945430.856	1440.000
581126.279	945434.577	1440.004
581129.869	945438.056	1440.000
581133.384	945441.589	1440.004
581136.490	945445.508	1439.999
581139.176	945449.704	1439.999
581141.313	945454.212	1440.002
581143.061	945458.896	1440.000
581144.701	945463.616	1439.990
581145.803	945468.409	1440.104
581148.128	945472.382	1440.000
581147.804	945477.331	1440.024
581146.321	945473.776	1440.101
581142.493	945471.892	1440.000
581139.167	945468.159	1440.000
581135.931	945464.534	1440.000
581132.606	945460.803	1440.001
581127.661	945460.416	1440.000
581122.668	945460.150	1440.000
581117.695	945459.638	1439.999
581112.748	945458.911	1440.000
581107.763	945458.539	1440.000
581102.778	945458.159	1439.997
581097.821	945457.552	1439.996
581093.078	945456.014	1440.019
581088.717	945453.626	1440.000
581084.585	945450.821	1440.000
581080.574	945447.836	1440.000
581076.279	945445.324	1439.997
581071.677	945443.390	1440.001
581067.329	945440.922	1440.000
581062.988	945438.441	1439.999
581058.650	945435.954	1440.001
581054.316	945433.461	1439.998
581050.103	945430.777	1440.001
581046.049	945427.852	1440.000
581041.989	945424.934	1440.000
581037.926	945422.021	1439.994
581033.874	945419.092	1440.000
581029.901	945416.058	1440.000
581025.972	945412.965	1440.000
581022.044	945409.871	1440.000
581018.118	945406.775	1440.000
581014.191	945403.680	1440.000
581010.264	945400.585	1440.000
581006.337	945397.490	1440.000
581002.411	945394.394	1440.000
580998.421	945391.383	1440.000
580994.333	945388.504	1440.000
580990.352	945385.484	1440.001
580986.473	945382.329	1440.000
580982.592	945379.176	1440.000
580978.709	945376.027	1439.998
580974.827	945372.877	1440.001
580970.783	945369.944	1439.998
580966.966	945366.719	1440.021
580963.057	945363.606	1440.018
580959.097	945360.556	1439.980
580955.221	945357.400	1440.001
580951.429	945354.157	1440.000
580947.964	945350.553	1440.003
580944.521	945346.928	1440.003
580941.074	945343.307	1440.000
580937.641	945339.673	1439.999
580934.231	945336.017	1440.014
580930.786	945332.393	1439.999
580927.351	945328.761	1440.000
580923.949	945325.098	1440.002
580920.500	945321.480	1439.992
580917.037	945317.875	1440.000
580913.625	945314.221	1439.986
580910.228	945310.555	1439.993
580906.780	945306.935	1439.983
580903.376	945303.275	1439.979
580900.011	945299.579	1440.000
580896.577	945295.946	1439.985
580893.161	945292.298	1440.001
580889.666	945288.735	1439.987
580886.021	945285.323	1439.985
580882.284	945282.010	1439.986
580878.671	945278.565	1439.955
580875.088	945275.087	1439.993
580871.186	945271.971	1439.992
580867.108	945269.080	1440.000
580863.061	945266.146	1440.008
580859.011	945263.214	1440.000
580854.973	945260.267	1440.000
580850.858	945257.430	1440.000
580846.624	945254.771	1440.000
580842.407	945252.087	1440.000
580838.298	945249.237	1440.000
580834.202	945246.370	1440.000
580830.125	945243.476	1440.000
580826.048	945240.580	1440.000
580821.972	945237.685	1440.000
580817.895	945234.790	1440.000
580813.777	945231.959	1440.000
580809.509	945229.355	1440.008
580805.248	945226.740	1440.002
580800.963	945224.165	1440.000
580796.666	945221.608	1440.000
580792.377	945219.040	1440.000
580788.317	945216.122	1440.000
580784.259	945213.200	1440.000
580780.258	945210.202	1440.000
580776.276	945207.178	1440.000
580772.309	945204.135	1440.000
580768.340	945201.095	1440.000
580764.369	945198.055	1440.000
580760.398	945195.017	1440.000
580756.429	945191.976	1440.000
580752.459	945188.937	1440.000
580748.444	945185.957	1440.000
580744.428	945182.979	1440.001
580740.406	945180.008	1440.000
580736.392	945177.027	1440.002
580732.370	945174.056	1440.000
580728.347	945171.087	1440.000
580724.324	945168.118	1440.000
580720.301	945165.150	1440.000
580716.277	945162.182	1440.000
580712.254	945159.213	1440.000
580708.230	945156.245	1440.000
580704.207	945153.276	1440.000
580700.183	945150.308	1440.000
580696.160	945147.340	1440.000
580692.106	945144.417	1440.001
580687.720	945142.018	1440.000
580683.353	945139.583	1439.999
580678.989	945137.149	1440.001
580674.697	945134.590	1439.987
580670.102	945132.698	1440.000
580665.289	945131.342	1440.000
580660.473	945129.999	1440.000
580655.657	945128.655	1440.000
580650.835	945127.331	1440.000
580646.006	945126.035	1439.998
580641.183	945124.718	1440.000
580636.361	945123.395	1440.000
580631.515	945122.185	1440.000
580626.574	945121.422	1439.996
580621.649	945120.566	1439.992
580616.762	945119.511	1440.000
580611.893	945118.388	1440.000
580606.939	945117.715	1440.001
580601.983	945117.047	1439.997
580597.041	945116.294	1439.990
580592.137	945115.332	1440.000
580587.174	945114.724	1440.000
580582.210	945114.120	1440.001
580577.250	945113.491	1440.006
580572.297	945112.813	1440.000
580567.328	945112.258	1440.000
580562.359	945111.706	1440.000
580557.389	945111.155	1440.000
580552.420	945110.602	1440.000
580547.461	945109.963	1440.000
580542.502	945109.327	1440.000
580537.542	945108.691	1440.000
580532.583	945108.056	1440.000
580527.586	945107.899	1440.002
580522.586	945107.962	1440.000
580517.586	945108.027	1440.000
580512.587	945108.097	1440.000
580507.690	945109.100	1440.000
580502.797	945110.129	1440.000
580497.904	945111.159	1440.000
580493.011	945112.188	1440.000
580488.119	945113.220	1440.000
580483.227	945114.252	1440.000
580478.336	945115.290	1440.000
580473.454	945116.372	1439.997
580468.566	945117.425	1440.000
580463.677	945118.472	1440.002
580458.803	945119.587	1440.003
580453.959	945120.824	1440.000
580449.090	945121.959	1440.000
580444.216	945123.073	1440.003
580439.377	945124.330	1440.000
580434.549	945125.632	1440.000
580429.669	945126.698	1440.001
580424.722	945127.411	1440.000
580419.753	945127.960	1440.000
580414.782	945128.500	1439.999
580409.988	945127.738	1440.000
580405.335	945125.907	1440.006
580400.676	945124.094	1440.000
580396.002	945122.319	1440.000
580391.357	945120.473	1440.000
580386.799	945118.418	1439.998
580382.244	945116.355	1440.001
580377.682	945114.309	1440.000
580373.123	945112.258	1439.999
580368.631	945110.061	1440.000
580364.144	945107.857	1440.000
580359.658	945105.649	1440.000
580355.172	945103.441	1440.000
580350.686	945101.232	1440.000
580346.201	945099.022	1440.000
580341.716	945096.811	1440.000
580337.231	945094.601	1440.000
580332.746	945092.391	1440.000
580328.260	945090.182	1440.000
580323.774	945087.974	1440.000
580319.288	945085.766	1440.000
580314.802	945083.558	1440.000
580310.244	945081.512	1440.000
580305.599	945079.662	1439.997
580300.946	945077.838	1439.992
580296.262	945076.098	1440.035
580291.469	945075.140	1440.000
580286.580	945076.184	1440.000
580281.695	945077.254	1440.000
580276.811	945078.325	1440.000
580271.928	945079.398	1440.000
580267.043	945080.464	1439.999
580262.140	945081.440	1439.992
580257.166	945081.944	1440.000
580252.184	945082.357	1440.000
580247.189	945082.589	1440.005
580242.192	945082.632	1440.000
580237.224	945082.078	1440.000
580232.258	945081.503	1440.000
580227.357	945080.515	1440.000
580222.451	945079.551	1440.000
580217.525	945078.700	1440.000
580212.562	945078.090	1440.000
580207.917	945076.246	1440.000
580203.281	945074.372	1440.000
580198.646	945072.498	1440.000
580193.849	945071.086	1439.998
580189.018	945069.803	1439.994
580184.185	945068.522	1440.000
580179.361	945067.207	1440.000
580174.520	945065.957	1440.000
580169.632	945064.922	1439.999
580164.722	945063.983	1439.992
580159.837	945062.922	1440.000
580154.973	945061.766	1440.000
580150.072	945060.792	1440.000
580145.136	945059.995	1440.000
580140.212	945059.128	1440.007
580135.307	945058.167	1440.000
580130.397	945057.239	1440.000
580125.450	945056.513	1440.000
580120.504	945055.781	1439.998
580115.566	945054.996	1440.000
580110.626	945054.226	1440.000
580105.674	945053.533	1440.000
580100.722	945052.843	1440.000
580095.772	945052.143	1440.000
580090.823	945051.431	1440.001
580085.874	945050.717	1440.000
580080.925	945050.005	1440.000
580075.976	945049.292	1440.000
580071.040	945048.503	1439.996
580066.137	945047.524	1440.000
580061.229	945046.570	1440.000
580056.320	945045.616	1440.000
580051.415	945044.647	1440.000
580046.521	945043.623	1440.000
580041.627	945042.599	1440.000
580036.733	945041.575	1440.000
580031.833	945040.584	1440.000
580026.893	945039.813	1439.999
580021.944	945039.113	1439.981
580016.975	945038.602	1440.000
580011.977	945038.595	1440.000
580007.001	945039.078	1440.000
580002.025	945039.566	1440.000
579997.049	945040.054	1440.000
579992.073	945040.542	1440.000
579987.097	945041.034	1440.002
579982.129	945041.598	1440.012
579977.222	945042.554	1440.000
579972.322	945043.544	1439.998
579967.337	945043.915	1439.993
579962.417	945044.771	1440.000
579957.657	945046.300	1440.000
579952.896	945047.828	1440.000
579948.045	945046.893	1439.989
579943.077	945046.852	1439.939
579938.095	945047.084	1440.000
579933.108	945047.444	1440.000
579928.457	945045.777	1439.998
579923.845	945043.851	1440.021
579919.167	945042.091	1439.995
579914.478	945040.359	1440.000
579909.917	945038.331	1440.000
579905.458	945036.071	1440.000
579900.994	945033.818	1439.997
579896.584	945031.464	1440.003
579892.192	945029.095	1440.003
579887.307	945028.040	1440.000
579882.492	945026.695	1440.000
579877.673	945025.363	1440.000
579872.854	945024.030	1440.000
579867.898	945024.471	1440.001
579863.018	945025.547	1439.996
579858.256	945027.067	1440.000
579853.501	945028.610	1440.002
579849.302	945031.253	1440.000
579845.230	945034.155	1440.000
579841.139	945037.030	1440.000
579836.970	945039.789	1440.000
579832.721	945042.424	1440.000
579828.553	945045.186	1440.000
579824.309	945047.829	1440.000
579819.997	945050.360	1440.000
579815.680	945052.881	1440.000
579811.332	945055.350	1440.000
579806.983	945057.818	1440.000
579802.635	945060.285	1440.000
579798.288	945062.756	1440.000
579793.941	945065.228	1440.000
579789.543	945067.604	1440.000
579785.207	945070.092	1440.000
579780.906	945072.642	1440.000
579776.560	945075.114	1440.000
579772.205	945077.571	1440.000
579767.738	945079.816	1440.000
579763.283	945082.086	1439.999
579758.943	945084.567	1440.000
579754.628	945087.093	1440.000
579750.254	945089.513	1440.000
579745.829	945091.840	1440.000
579741.381	945094.124	1439.999
579736.937	945096.416	1440.003
579732.581	945098.869	1440.000
579728.292	945101.440	1440.000
579724.077	945104.127	1440.013
579720.111	945107.172	1440.000
579716.148	945110.220	1440.001
579712.290	945113.391	1440.000
579708.993	945117.150	1440.000
579705.697	945120.911	1440.000
579702.404	945124.673	1440.000
579699.106	945128.431	1440.000
579695.797	945132.179	1440.000
579692.441	945135.885	1440.000
579689.081	945139.588	1440.000
579685.723	945143.293	1440.000
579682.382	945147.012	1440.000
579679.043	945150.735	1440.000
579675.677	945154.432	1440.000
579672.273	945158.093	1440.000
579668.647	945161.536	1440.000
579664.941	945164.891	1439.999
579661.044	945168.024	1440.000
579657.112	945171.112	1439.999
579653.133	945174.139	1439.996
579648.457	945175.809	1440.000
579643.665	945177.237	1440.000
579638.932	945178.847	1440.021
579634.470	945181.097	1440.000
579629.739	945181.913	1440.000
579624.752	945181.550	1439.999
579619.771	945181.630	1439.997
579614.808	945182.218	1440.000
579609.861	945182.129	1440.000
579604.920	945181.358	1440.000
579599.983	945180.572	1440.000
579595.046	945179.781	1440.000
579590.104	945179.017	1440.000
579585.158	945178.284	1440.000
579580.212	945177.552	1440.000
579575.267	945176.817	1440.000
579570.329	945176.034	1440.000
579565.400	945175.192	1440.000
579560.471	945174.353	1440.000
579555.539	945173.529	1439.999
579550.630	945172.593	1440.000
579545.797	945171.310	1440.000
579540.970	945170.009	1440.000
579536.147	945168.691	1440.003
579531.325	945167.371	1440.000
579526.563	945165.856	1439.992
579521.869	945164.140	1440.000
579517.229	945162.279	1440.000
579512.588	945160.418	1440.000
579508.174	945158.071	1440.000
579503.766	945155.709	1440.000
579499.362	945153.342	1439.999
579494.983	945150.930	1440.000
579490.461	945148.813	1440.006
579485.941	945146.685	1439.993
579481.468	945144.453	1440.000
579477.011	945142.189	1440.000
579472.553	945139.924	1440.000
579467.884	945138.135	1440.000
579463.211	945136.359	1440.000
579458.541	945134.570	1440.000
579453.877	945132.770	1439.999
579449.178	945131.061	1440.000
579444.473	945129.369	1440.000
579439.768	945127.678	1440.000
579435.062	945125.987	1440.000
579430.244	945124.759	1439.999
579425.287	945124.107	1440.000
579420.389	945123.185	1439.995
579415.684	945121.495	1440.000
579411.241	945119.309	1440.000
579407.295	945116.239	1440.000
579403.358	945113.156	1440.000
579399.666	945109.791	1440.005
579398.087	945105.679	1440.022
579401.265	945102.513	1440.001
579406.228	945101.934	1440.000
579411.222	945101.789	1440.004
579416.165	945102.421	1440.000
579421.094	945103.259	1440.006
579426.061	945103.823	1440.000
579431.036	945104.321	1440.000
579436.019	945104.723	1440.000
579441.006	945105.086	1440.000
579445.996	945105.405	1440.002
579450.990	945105.634	1440.001
579455.978	945105.971	1440.000
579460.962	945106.368	1440.000
579465.946	945106.767	1439.999
579470.928	945107.196	1440.000
579475.834	945108.105	1440.000
579480.703	945109.243	1440.000
579485.572	945110.380	1440.000
579490.456	945111.447	1439.998
579495.394	945112.199	1439.999
579500.360	945112.780	1440.000
579505.322	945113.399	1440.000
579510.284	945114.015	1440.000
579515.265	945114.368	1439.996
579520.263	945114.414	1439.999
579525.262	945114.317	1440.000
579530.260	945114.206	1440.000
579535.254	945114.057	1439.994
579540.220	945113.582	1439.999
579545.156	945112.787	1440.000
579550.110	945112.118	1440.000
579555.080	945111.574	1440.000
579560.048	945111.014	1440.000
579564.976	945110.198	1439.999
579569.525	945108.347	1440.016
579567.312	945105.276	1440.001
579563.316	945102.311	1440.000
579559.286	945099.351	1440.000
579555.257	945096.391	1440.000
579551.227	945093.431	1440.000
579548.218	945089.571	1440.006
579545.789	945085.212	1440.007
579543.534	945080.765	1439.997
579541.105	945076.402	1440.005
579538.877	945071.989	1440.000
579538.827	945066.992	1440.000
579539.298	945062.014	1440.000
579539.785	945057.038	1440.000
579540.297	945052.064	1440.000
579540.797	945047.090	1439.996
579541.033	945042.112	1439.984
579540.237	945037.453	1440.000
579535.394	945036.428	1440.000
579530.400	945036.195	1440.000
579525.402	945036.050	1440.000
579520.404	945035.928	1440.000
579515.406	945035.789	1440.000
579510.408	945035.639	1440.000
579505.410	945035.482	1440.000
579500.413	945035.326	1440.000
579495.415	945035.170	1440.000
579490.440	945034.766	1440.000
579485.497	945034.011	1440.000
579480.556	945033.251	1440.000
579475.613	945032.493	1440.000
579470.856	945031.181	1439.994
579466.392	945028.931	1440.000
579461.944	945026.647	1440.000
579457.483	945024.390	1440.000
579453.021	945022.133	1440.000
579448.439	945020.135	1440.000
579443.839	945018.175	1440.000
579439.239	945016.217	1440.000
579434.637	945014.261	1440.000
579430.224	945011.956	1440.005
579427.249	945008.043	1440.000
579424.074	945004.290	1440.045
579421.065	945000.369	1440.021
579418.158	944996.349	1439.993
579415.085	944992.466	1440.000
579413.488	944987.729	1440.003
579412.022	944982.950	1440.000
579410.367	944978.232	1440.000
579408.712	944973.514	1440.000
579407.056	944968.796	1440.000
579405.397	944964.080	1440.000
579403.738	944959.363	1440.000
579402.078	944954.646	1440.000
579399.718	944950.298	1440.000
579396.712	944946.304	1440.000
579393.571	944942.414	1440.000
579389.838	944939.146	1440.000
579385.792	944936.209	1440.000
579381.738	944933.281	1440.000
579377.756	944930.259	1440.000
579373.801	944927.199	1440.000
579369.752	944924.268	1440.000
579365.640	944921.425	1439.999
579361.548	944918.553	1440.006
579357.423	944915.727	1440.000
579353.322	944912.869	1439.997
579349.467	944909.693	1439.999
579345.673	944906.437	1439.999
579341.913	944903.141	1440.000
579338.163	944899.833	1440.000
579334.412	944896.528	1440.001
579330.951	944892.945	1440.000
579327.829	944889.045	1439.997
579324.797	944885.074	1440.002
579321.642	944881.202	1439.990
579318.557	944877.275	1440.001
579315.565	944873.273	1440.004
579312.903	944869.058	1439.999
579310.459	944864.698	1440.000
579308.093	944860.293	1440.000
579305.729	944855.887	1440.000
579303.207	944851.583	1440.000
579300.159	944847.619	1440.000
579296.999	944843.745	1440.000
579293.835	944839.873	1440.000
579289.801	944837.207	1440.000
579285.121	944835.446	1440.000
579280.435	944833.704	1440.000
579275.734	944832.000	1440.000
579270.927	944830.736	1440.002
579265.947	944830.288	1440.000
579260.964	944829.883	1440.000
579255.993	944829.371	1439.992
579251.098	944828.733	1439.999
579246.134	944829.331	1440.000
579241.176	944829.979	1440.000
579236.212	944830.569	1439.998
579231.226	944830.934	1440.000
579226.248	944831.403	1440.000
579221.272	944831.890	1440.000
579216.319	944832.520	1439.999
579211.623	944834.022	1440.000
579206.879	944835.601	1440.000
579202.121	944837.140	1440.001
579197.557	944839.155	1440.000
579193.484	944842.054	1440.000
579189.074	944844.380	1440.000
579184.553	944846.514	1440.000
579179.938	944848.426	1440.000
579175.305	944850.298	1440.003
579171.010	944852.841	1439.999
579166.737	944855.436	1440.000
579162.449	944858.007	1440.000
579158.149	944860.560	1440.000
579153.849	944863.111	1440.000
579150.684	944866.822	1439.997
579146.836	944869.895	1440.000
579142.257	944871.903	1440.000
579137.536	944873.527	1440.000
579132.719	944874.867	1440.000
579127.757	944875.465	1440.000
579122.788	944876.024	1440.000
579117.820	944876.583	1440.000
579112.904	944877.488	1440.000
579107.946	944878.127	1440.000
579102.982	944878.726	1440.000
579098.020	944879.341	1440.000
579093.150	944880.461	1439.999
579089.721	944883.945	1440.000
579086.514	944887.781	1440.002
579083.235	944891.555	1440.004
579078.686	944893.154	1440.000
579073.777	944894.106	1440.000
579068.869	944895.058	1440.000
579063.962	944896.019	1440.002
579059.095	944897.156	1440.001
579054.263	944898.441	1440.000
579049.446	944899.780	1440.000
579044.609	944901.043	1440.002
579039.696	944901.935	1440.002
579034.732	944902.525	1440.000
579029.760	944903.059	1440.000
579024.787	944903.575	1440.001
579019.824	944904.170	1440.003
579014.892	944904.983	1440.000
579009.990	944905.972	1440.000
579005.099	944907.008	1440.000
579000.214	944908.073	1440.000
578995.332	944909.153	1439.999
578990.440	944910.183	1440.001
578985.542	944911.188	1440.002
578980.655	944912.246	1440.000
578975.863	944913.662	1440.000
578971.096	944915.171	1440.000
578966.330	944916.681	1440.000
578961.564	944918.192	1440.000
578956.801	944919.714	1440.000
578952.036	944921.044	1439.997
578947.138	944920.287	1439.999
578942.299	944921.520	1440.000
578937.574	944923.157	1440.000
578932.850	944924.794	1440.000
578928.125	944926.431	1440.000
578923.385	944928.020	1439.986
578918.503	944927.376	1440.005
578913.572	944926.563	1440.009
578908.630	944925.801	1440.000
578903.693	944925.015	1440.000
578898.824	944923.896	1439.992
578895.358	944921.993	1439.994
578899.779	944919.812	1439.995
578904.643	944918.684	1439.997
578909.597	944918.028	1439.998
578914.553	944917.412	1439.999
578919.266	944915.883	1440.000
578923.718	944913.609	1440.000
578928.354	944911.800	1439.990
578933.141	944910.361	1439.998
578937.878	944908.761	1440.004
578942.602	944907.141	1439.997
578947.415	944905.793	1440.001
578951.964	944903.729	1439.981
578956.550	944901.744	1440.000
578961.150	944899.786	1440.000
578965.751	944897.827	1440.000
578970.351	944895.869	1440.000
578974.952	944893.911	1440.000
578979.553	944891.952	1440.000
578984.137	944889.957	1440.001
578988.586	944887.690	1440.007
578992.369	944884.424	1440.000
578996.444	944881.533	1439.983
579000.997	944879.492	1440.000
579005.572	944877.483	1440.000
579007.741	944873.034	1440.000
579011.928	944870.602	1440.000
579016.448	944868.465	1440.000
579021.033	944866.476	1440.000
579025.554	944864.354	1439.970
579029.798	944861.720	1440.000
579034.079	944859.176	1440.000
579038.660	944857.172	1440.000
579043.251	944855.194	1439.998
579047.872	944853.310	1440.039
579052.500	944851.451	1440.000
579057.425	944850.932	1440.004
579062.419	944851.083	1440.000
579067.416	944851.260	1440.000
579072.413	944851.437	1440.000
579077.210	944850.045	1440.000
579081.780	944848.031	1439.989
579085.966	944845.312	1440.000
579090.088	944842.482	1440.000
579094.210	944839.653	1440.000
579098.332	944836.823	1440.000
579102.454	944833.993	1440.000
579106.823	944831.626	1440.000
579111.483	944829.814	1439.999
579116.095	944827.882	1439.998
579120.755	944826.072	1440.000
579125.432	944824.305	1440.000
579130.219	944822.904	1440.001
579135.116	944821.896	1440.001
579139.929	944820.570	1439.999
579144.588	944818.763	1439.998
579149.143	944816.711	1440.001
579153.593	944814.432	1440.000
579158.041	944812.148	1440.000
579162.489	944809.865	1440.000
579167.322	944808.621	1440.009
579172.277	944807.958	1439.998
579176.640	944805.590	1440.000
579180.900	944802.978	1439.994
579185.362	944800.768	1440.021
579189.922	944798.967	1440.001
579194.846	944798.146	1440.000
579199.816	944797.598	1440.000
579204.786	944797.050	1440.000
579209.756	944796.502	1440.000
579214.726	944795.954	1440.000
579219.696	944795.406	1440.000
579224.666	944794.858	1440.000
579229.636	944794.310	1440.000
579234.616	944794.031	1439.992
579239.606	944794.267	1439.993
579244.585	944794.710	1440.000
579249.547	944795.318	1439.997
579254.397	944796.443	1440.004
579259.118	944798.082	1439.997
579263.788	944799.866	1440.000
579268.454	944801.662	1440.001
579273.150	944803.379	1440.000
579277.876	944805.011	1440.000
579282.610	944806.620	1440.000
579287.355	944808.195	1440.000
579292.101	944809.770	1440.000
579296.847	944811.342	1440.000
579301.594	944812.915	1440.000
579306.340	944814.486	1440.000
579311.015	944816.255	1440.007
579315.744	944817.865	1439.999
579320.549	944819.238	1440.000
579325.363	944820.586	1440.003
579330.121	944822.119	1440.000
579334.870	944823.682	1440.000
579339.629	944825.216	1440.000
579344.398	944826.715	1439.996
579349.173	944828.188	1440.005
579353.993	944829.508	1440.000
579358.807	944830.860	1440.000
579363.619	944832.218	1440.000
579368.409	944833.651	1440.000
579373.215	944835.014	1440.000
579378.140	944835.878	1440.000
579383.065	944836.742	1440.000
579387.990	944837.607	1440.000
579392.914	944838.472	1440.000
579397.817	944839.414	1439.994
579402.562	944840.940	1440.000
579407.115	944842.998	1440.024
579411.673	944845.040	1440.000
579416.572	944845.861	1440.000
579421.540	944846.422	1440.000
579426.477	944847.080	1439.969
579431.081	944848.921	1440.076
579436.011	944849.719	1440.002
579440.967	944850.377	1440.000
579445.921	944851.055	1440.000
579450.875	944851.730	1439.998
579455.852	944852.177	1439.999
579460.834	944852.602	1440.000
579465.805	944853.134	1440.000
579470.778	944853.660	1440.000
579475.737	944854.262	1440.043
579480.683	944854.932	1440.001
579485.602	944855.830	1440.000
579490.516	944856.753	1440.000
579495.478	944857.259	1439.997
579500.439	944857.807	1440.003
579505.376	944858.590	1440.002
579510.308	944859.414	1440.000
579515.260	944860.092	1440.000
579520.229	944860.645	1440.000
579525.199	944861.197	1440.000
579530.168	944861.749	1440.000
579535.137	944862.303	1440.000
579540.106	944862.858	1440.000
579545.075	944863.413	1440.000
579550.044	944863.970	1440.000
579554.994	944864.666	1440.000
579559.924	944865.497	1440.000
579564.846	944866.372	1440.003
579569.747	944867.350	1440.000
579574.579	944868.627	1439.995
579579.384	944870.009	1440.000
579584.183	944871.414	1440.000
579588.968	944872.861	1440.000
579593.741	944874.337	1439.976
579598.602	944875.491	1440.003
579603.424	944876.813	1440.000
579608.231	944878.190	1440.000
579613.037	944879.567	1440.000
579617.844	944880.945	1440.000
579622.650	944882.322	1440.000
579627.457	944883.700	1440.000
579632.263	944885.077	1440.000
579637.070	944886.455	1440.000
579641.875	944887.837	1440.000
579646.676	944889.234	1440.000
579651.477	944890.630	1440.000
579656.239	944892.154	1439.999
579660.980	944893.741	1440.004
579665.722	944895.325	1440.000
579670.462	944896.919	1440.000
579675.172	944898.594	1440.000
579679.861	944900.329	1440.000
579684.550	944902.065	1440.000
579689.240	944903.800	1440.000
579693.932	944905.526	1440.000
579698.631	944907.235	1440.000
579703.330	944908.945	1440.000
579708.050	944910.579	1439.979
579712.752	944912.176	1439.993
579717.751	944912.204	1440.000
579722.737	944911.832	1440.000
579727.723	944911.459	1440.000
579732.710	944911.093	1439.999
579737.699	944910.768	1440.000
579742.684	944910.385	1440.000
579747.670	944910.002	1440.000
579752.656	944909.663	1440.000
579757.623	944910.236	1440.000
579762.591	944910.795	1440.000
579767.560	944911.351	1439.999
579772.534	944911.840	1440.000
579777.461	944912.689	1440.000
579782.389	944913.538	1440.000
579787.316	944914.387	1440.000
579792.243	944915.235	1440.000
579797.170	944916.088	1440.000
579802.097	944916.940	1440.000
579807.024	944917.793	1440.000
579811.950	944918.651	1440.000
579816.791	944919.892	1440.000
579821.616	944921.204	1439.996
579826.423	944922.578	1440.000
579831.223	944923.978	1440.001
579836.003	944925.445	1440.000
579840.775	944926.939	1440.000
579845.536	944928.464	1440.000
579850.292	944930.009	1440.000
579855.026	944931.615	1440.000
579859.665	944933.469	1440.000
579864.214	944935.544	1440.000
579868.766	944937.613	1440.000
579873.295	944939.729	1440.000
579877.724	944942.050	1440.001
579882.155	944944.367	1440.000
579886.580	944946.693	1439.997
579891.037	944948.960	1440.004
579895.810	944950.327	1440.000
579900.713	944951.307	1440.000
579905.616	944952.286	1440.000
579910.552	944953.079	1440.000
579915.517	944953.638	1440.013
579920.489	944954.129	1440.003
579925.451	944954.739	1440.000
579930.415	944955.339	1440.000
579934.933	944954.001	1440.000
579939.060	944951.184	1440.000
579943.078	944948.209	1440.000
579947.347	944945.647	1439.995
579952.199	944944.446	1440.002
579956.805	944942.513	1440.000
579961.413	944940.572	1439.995
579966.087	944938.796	1440.002
579970.775	944937.059	1440.000
579975.577	944935.696	1440.000
579980.443	944934.547	1440.000
579985.310	944933.399	1440.000
579990.176	944932.252	1440.000
579995.049	944931.131	1440.000
579999.929	944930.042	1440.000
580004.804	944928.933	1440.000
580009.680	944927.825	1440.000
580014.556	944926.720	1440.000
580019.434	944925.619	1440.000
580024.317	944924.545	1439.995
580029.225	944923.592	1439.999
580034.132	944922.637	1440.000
580039.021	944921.587	1440.006
580043.924	944920.610	1440.001
580048.846	944919.734	1440.000
580053.763	944918.826	1440.000
580058.661	944917.826	1439.997
580063.587	944916.965	1440.000
580068.516	944916.130	1440.000
580073.436	944915.241	1439.997
580078.291	944914.052	1440.002
580083.096	944912.669	1440.000
580087.914	944911.333	1439.992
580092.698	944909.880	1440.000
580097.480	944908.421	1440.000
580102.252	944906.928	1440.000
580106.966	944905.267	1440.003
580111.491	944903.142	1439.996
580116.323	944901.999	1440.000
580121.250	944901.146	1440.003
580126.166	944900.233	1440.000
580131.079	944899.305	1440.000
580136.001	944898.429	1440.000
580140.928	944897.575	1440.000
580145.854	944896.721	1440.000
580150.781	944895.867	1440.000
580155.711	944895.033	1440.000
580160.648	944894.244	1440.001
580165.588	944893.472	1440.000
580170.528	944892.702	1440.000
580175.479	944892.004	1440.000
580180.438	944891.366	1440.000
580185.398	944890.737	1440.000
580190.359	944890.107	1440.000
580195.319	944889.479	1440.000
580200.280	944888.851	1440.000
580205.240	944888.224	1440.000
580210.201	944887.597	1440.000
580215.161	944886.969	1440.000
580220.121	944886.339	1440.000
580225.081	944885.709	1440.000
580230.042	944885.082	1440.000
580235.017	944884.608	1440.000
580240.006	944884.284	1440.000
580244.989	944883.875	1440.000
580249.956	944883.304	1440.000
580254.911	944882.641	1440.000
580259.865	944881.959	1440.001
580264.834	944881.425	1440.000
580269.818	944881.019	1440.000
580274.672	944880.020	1440.000
580279.374	944878.320	1440.000
580284.076	944876.620	1440.000
580288.778	944874.920	1440.000
580293.482	944873.225	1439.998
580298.203	944871.577	1440.000
580302.929	944869.945	1440.000
580307.657	944868.319	1439.995
580312.519	944867.158	1440.000
580317.416	944866.147	1440.000
580322.313	944865.136	1440.000
580327.210	944864.125	1440.000
580332.106	944863.114	1440.000
580337.003	944862.104	1440.000
580341.900	944861.093	1440.000
580346.797	944860.082	1440.000
580351.693	944859.071	1440.000
580356.590	944858.060	1440.000
580361.487	944857.049	1440.000
580366.384	944856.039	1440.000
580371.280	944855.028	1440.000
580376.176	944854.012	1440.001
580381.073	944853.002	1440.000
580385.970	944851.993	1440.000
580390.867	944850.982	1440.000
580395.759	944849.947	1440.000
580400.648	944848.901	1440.000
580405.537	944847.855	1440.000
580410.429	944846.820	1440.000
580415.320	944845.781	1440.000
580420.208	944844.731	1440.000
580425.075	944843.588	1439.999
580429.894	944842.256	1440.000
580434.659	944840.747	1440.000
580439.351	944839.023	1440.016
580443.898	944836.945	1440.000
580448.391	944834.752	1440.000
580452.884	944832.558	1440.000
580457.459	944830.540	1440.000
580462.036	944828.527	1440.000
580466.627	944826.548	1439.989
580471.303	944824.777	1440.000
580475.942	944822.914	1440.000
580480.575	944821.033	1439.993
580485.266	944819.305	1440.001
580489.978	944817.633	1440.000
580494.672	944815.911	1440.004
580499.374	944814.213	1439.998
580504.108	944812.603	1440.000
580508.892	944811.150	1440.000
580513.679	944809.704	1439.999
580518.466	944808.262	1440.000
580523.259	944806.839	1440.000
580528.056	944805.427	1440.000
580532.852	944804.015	1440.000
580537.649	944802.603	1440.000
580542.450	944801.206	1440.000
580547.269	944799.875	1440.000
580552.092	944798.557	1440.000
580557.003	944797.627	1440.000
580561.926	944796.748	1440.000
580566.849	944795.874	1440.000
580571.772	944795.000	1440.000
580576.695	944794.126	1440.000
580581.618	944793.252	1440.000
580586.541	944792.378	1440.000
580591.459	944791.477	1440.024
580596.367	944790.526	1440.000
580601.282	944789.605	1440.000
580606.196	944788.683	1440.000
580611.018	944787.389	1440.001
580615.854	944786.146	1440.000
580620.739	944785.078	1440.000
580625.544	944783.722	1439.981
580630.193	944781.891	1440.000
580634.806	944779.963	1440.000
580639.427	944778.056	1440.002
580644.003	944776.041	1440.000
580648.570	944774.005	1440.000
580653.137	944771.970	1440.000
580657.704	944769.935	1440.000
580662.271	944767.899	1440.000
580666.838	944765.864	1440.000
580671.405	944763.829	1440.000
580675.973	944761.795	1440.000
580680.541	944759.762	1440.000
580685.109	944757.728	1440.000
580689.678	944755.697	1440.000
580694.311	944753.831	1439.996
580699.065	944752.281	1440.000
580703.820	944750.735	1440.000
580708.578	944749.201	1439.997
580713.380	944747.811	1440.000
580718.253	944746.692	1440.000
580723.116	944745.536	1439.992
580727.870	944743.993	1440.002
580732.454	944741.997	1440.000
580737.232	944740.526	1440.000
580741.820	944738.555	1439.974
580746.149	944736.062	1440.000
580750.427	944733.473	1440.000
580754.723	944730.915	1439.999
580759.019	944728.357	1440.000
580763.314	944725.797	1440.000
580767.613	944723.244	1440.000
580771.913	944720.693	1440.000
580776.362	944718.414	1440.000
580780.682	944715.904	1440.002
580784.904	944713.225	1440.000
580789.098	944710.506	1439.982
580792.989	944707.372	1440.000
580796.876	944704.227	1440.000
580800.697	944701.004	1440.019
580803.978	944697.237	1440.000
580807.046	944693.289	1440.000
580809.918	944689.204	1440.005
580810.489	944684.431	1439.955
580808.675	944679.990	1439.999
580804.848	944676.843	1440.000
580800.678	944674.084	1439.998
580796.532	944671.290	1440.001
580792.399	944668.476	1440.000
580788.209	944665.748	1440.000
580784.017	944663.023	1440.001
580779.818	944660.308	1439.999
580775.625	944657.584	1440.000
580771.562	944654.695	1440.000
580767.978	944651.211	1440.001
580764.545	944647.577	1440.000
580761.165	944643.892	1440.000
580757.787	944640.206	1440.000
580754.410	944636.518	1440.001
580750.999	944632.863	1440.000
580747.684	944629.127	1439.997
580744.475	944625.297	1440.012
580741.141	944621.575	1439.978
580737.830	944617.836	1439.985
580734.674	944613.965	1439.990
580733.401	944609.523	1440.007
580735.243	944605.125	1440.000
580738.254	944601.133	1440.000
580741.265	944597.142	1440.000
580744.277	944593.151	1440.000
580747.397	944589.244	1440.000
580750.424	944585.265	1440.000
580753.459	944581.293	1440.000
580756.637	944577.433	1440.000
580759.806	944573.566	1440.000
580762.779	944569.548	1440.000
580765.640	944565.448	1440.001
580768.434	944561.302	1440.000
580771.215	944557.146	1440.000
580773.919	944552.941	1440.001
580776.533	944548.679	1439.999
580779.152	944544.420	1440.000
580781.657	944540.095	1440.001
580783.863	944535.609	1440.000
580785.883	944531.039	1440.000
580787.613	944526.348	1440.000
580789.302	944521.642	1440.000
580790.994	944516.937	1440.000
580792.640	944512.219	1440.000
580793.600	944507.312	1440.000
580794.416	944502.379	1440.000
580795.232	944497.446	1440.000
580796.120	944492.526	1440.000
580796.968	944487.598	1440.000
580797.801	944482.668	1440.000
580798.613	944477.735	1440.001
580799.327	944472.786	1440.000
580800.120	944467.849	1440.000
580800.938	944462.917	1440.000
580801.779	944457.988	1440.001
580802.633	944453.061	1440.000
580803.733	944448.185	1440.000
580805.011	944443.351	1440.000
580806.505	944438.580	1440.002
580808.041	944433.822	1440.000
580809.631	944429.083	1440.010
580810.796	944424.223	1439.995
580811.826	944419.330	1440.000
580812.880	944414.443	1439.999
580814.059	944409.584	1439.999
580815.238	944404.725	1440.000
580816.410	944399.864	1440.000
580817.747	944395.050	1440.000
580819.601	944390.418	1440.000
580821.814	944385.934	1440.000
580824.043	944381.459	1439.999
580826.185	944376.941	1440.000
580828.322	944372.421	1439.998
580830.712	944368.031	1439.995
580832.886	944363.530	1440.000
580835.296	944359.149	1440.000
580837.706	944354.769	1440.000
580840.117	944350.388	1440.000
580842.529	944346.008	1440.000
580844.656	944341.489	1439.999
580846.426	944336.813	1440.000
580848.135	944332.115	1439.975
580849.646	944327.361	1440.000
580850.254	944322.398	1440.000
580850.758	944317.424	1440.000
580851.272	944312.451	1440.000
580852.761	944307.678	1439.999
580854.430	944302.965	1440.000
580856.106	944298.254	1440.000
580857.760	944293.536	1440.000
580859.428	944288.823	1440.000
580861.109	944284.113	1440.000
580862.836	944279.422	1440.000
580864.615	944274.749	1440.000
580866.367	944270.066	1440.000
580868.368	944265.497	1440.002
580870.807	944261.133	1440.000
580873.383	944256.849	1440.000
580876.146	944252.683	1440.000
580878.910	944248.516	1440.000
580881.673	944244.349	1440.000
580884.437	944240.182	1440.000
580887.200	944236.015	1440.000
580889.873	944231.795	1440.000
580892.142	944227.340	1440.000
580894.220	944222.793	1440.000
580896.272	944218.233	1440.000
580898.579	944213.800	1439.998
580900.661	944209.262	1440.000
580902.511	944204.617	1440.000
580904.218	944199.918	1440.000
580905.867	944195.198	1440.000
580907.509	944190.475	1440.000
580909.136	944185.747	1440.000
580910.763	944181.019	1440.000
580912.391	944176.292	1440.000
580913.615	944171.447	1440.005
580914.934	944166.624	1440.000
580916.256	944161.802	1440.000
580917.704	944157.033	1440.003
580920.377	944152.808	1440.001
580922.536	944148.303	1440.000
580924.507	944143.708	1440.000
580926.450	944139.101	1440.000
580928.391	944134.493	1440.000
580930.331	944129.885	1440.000
580932.272	944125.277	1440.000
580934.037	944120.600	1440.000
580935.789	944115.917	1439.997
580937.599	944111.256	1440.000
580939.421	944106.599	1440.000
580941.261	944101.951	1439.991
580943.532	944097.498	1440.000
580945.961	944093.127	1440.000
580947.681	944088.443	1439.997
580949.478	944083.778	1439.999
580951.342	944079.138	1440.000
580953.185	944074.491	1439.997
580954.656	944069.729	1439.999
580955.715	944064.843	1440.000
580956.680	944059.937	1440.000
580957.646	944055.031	1440.000
580958.611	944050.125	1440.000
580959.577	944045.219	1440.000
580960.465	944040.300	1440.005
580961.112	944035.343	1440.001
580961.801	944030.393	1440.000
580962.684	944025.472	1439.997
580963.055	944020.510	1439.998
580962.817	944015.516	1440.000
580962.563	944010.523	1440.000
580962.447	944005.525	1440.001
580962.496	944000.528	1440.000
580962.961	943995.557	1439.992
580963.475	943990.592	1440.000
580963.523	943985.597	1440.015
580963.423	943980.605	1440.000
580963.649	943975.610	1440.000
580963.827	943970.614	1440.000
580964.023	943965.621	1440.035
580964.595	943960.676	1440.000
580965.705	943955.801	1440.000
580966.744	943950.912	1440.000
580967.501	943945.974	1440.000
580967.962	943940.995	1440.000
580968.422	943936.016	1440.000
580969.259	943931.123	1440.000
580971.257	943926.571	1440.000
580974.150	943922.492	1440.000
580977.062	943918.428	1440.000
580978.734	943913.761	1440.000
580980.629	943909.146	1440.000
580983.084	943904.802	1440.000
580985.714	943900.550	1440.000
580988.509	943896.417	1440.000
580991.692	943892.560	1440.000
580995.454	943889.295	1440.000
580999.422	943886.254	1440.000
581003.416	943883.247	1440.016
581007.088	943879.854	1440.000
581010.832	943876.540	1440.000
581014.311	943872.980	1440.016
581016.672	943868.576	1440.000
581019.001	943864.152	1440.000
581021.268	943859.696	1439.998
581023.412	943855.179	1440.000
581025.586	943850.677	1440.003
581027.746	943846.169	1440.000
581029.756	943841.590	1440.000
581031.765	943837.012	1440.000
581033.783	943832.437	1440.000
581035.799	943827.862	1440.000
581033.241	943824.012	1439.899
581028.518	943822.497	1440.000
581023.674	943821.260	1439.994
581018.829	943820.028	1440.000
581013.969	943818.856	1440.000
581009.326	943817.057	1440.000
581005.031	943814.531	1440.000
581000.930	943811.671	1440.000
580996.898	943808.715	1440.000
580992.930	943805.674	1440.000
580989.126	943802.430	1440.000
580985.412	943799.084	1440.000
580981.754	943795.675	1440.000
580978.100	943792.262	1440.000
580974.509	943788.783	1440.000
580970.885	943785.340	1440.000
580967.171	943781.993	1440.000
580963.288	943778.843	1440.000
580959.408	943775.694	1440.000
580955.527	943772.553	1439.999
580951.711	943769.323	1439.994
580947.987	943765.988	1440.000
580944.305	943762.605	1440.000
580940.046	943760.229	1439.997
580935.232	943760.321	1439.998
580930.404	943761.608	1440.000
580925.492	943762.523	1440.000
580920.574	943763.404	1440.000
580915.693	943764.490	1440.000
580910.831	943765.650	1440.000
580906.023	943767.020	1440.000
580901.256	943768.528	1440.000
580896.486	943770.029	1440.000
580891.687	943771.397	1440.051
580886.965	943773.018	1440.000
580882.157	943774.392	1440.000
580877.351	943775.769	1440.001
580872.630	943777.413	1439.998
580867.685	943776.777	1440.000
580863.471	943774.118	1440.000
580859.543	943771.064	1440.000
580855.989	943767.547	1440.000
580853.765	943763.073	1440.000
580851.595	943758.568	1440.000
580849.476	943754.040	1440.000
580847.276	943749.551	1440.000
580845.032	943745.083	1440.000
580842.711	943740.655	1440.000
580840.079	943736.413	1440.000
580837.082	943732.412	1440.000
580834.425	943728.176	1440.000
580832.003	943723.807	1440.004
580828.987	943719.822	1440.000
580825.922	943715.872	1440.001
580823.050	943711.819	1439.979
580822.851	943707.224	1440.002
580827.326	943704.994	1440.000
580831.798	943702.759	1439.995
580836.251	943700.486	1440.001
580840.684	943698.173	1440.000
580845.120	943695.865	1440.000
580849.551	943693.550	1440.001
580853.973	943691.216	1440.000
580858.397	943688.885	1440.000
580862.817	943686.548	1440.000
580867.230	943684.198	1440.000
580871.827	943682.235	1440.000
580876.582	943680.698	1440.000
580881.202	943678.811	1439.964
580885.638	943676.510	1440.000
580890.373	943675.684	1440.000
580894.871	943677.413	1440.000
580899.115	943680.041	1439.997
580903.188	943682.895	1440.029
580907.541	943685.282	1440.000
580911.864	943687.776	1439.989
580916.351	943689.981	1440.000
580920.833	943692.196	1440.000
580925.476	943694.045	1440.000
580930.173	943695.756	1440.000
580934.919	943697.326	1440.000
580939.720	943698.712	1440.005
580944.554	943699.986	1440.000
580949.387	943701.265	1440.000
580954.182	943702.680	1440.000
580958.950	943704.186	1440.000
580963.716	943705.697	1440.001
580968.412	943707.376	1440.000
580973.070	943709.145	1439.982
580977.972	943710.100	1440.000
580982.950	943710.571	1440.000
580987.930	943711.000	1439.993
580992.919	943710.973	1440.000
580997.806	943709.919	1440.000
581002.689	943708.845	1440.011
581006.894	943706.332	1440.075
581009.030	943701.813	1440.000
581011.094	943697.259	1440.000
581013.180	943692.716	1440.007
581014.128	943687.811	1440.000
581014.265	943682.817	1440.000
581014.350	943677.818	1440.000
581015.159	943672.897	1440.003
581016.474	943668.073	1440.000
581017.117	943663.121	1440.000
581017.816	943658.176	1439.937
581022.559	943657.504	1440.000
581027.554	943657.293	1440.000
581032.515	943657.911	1440.000
581037.315	943659.313	1440.000
581042.137	943660.636	1440.001
581046.981	943661.875	1440.000
581051.714	943663.481	1440.000
581056.306	943665.454	1440.000
581060.872	943667.490	1440.000
581065.416	943669.575	1440.000
581069.971	943671.638	1440.000
581074.099	943671.261	1440.010
581077.789	943667.887	1440.000
581081.369	943664.397	1440.000
581084.949	943660.906	1440.000
581088.529	943657.416	1440.000
581092.112	943653.929	1440.000
581095.719	943650.467	1440.000
581099.391	943647.075	1440.000
581103.194	943643.829	1440.006
581106.852	943640.420	1440.000
581110.452	943636.951	1440.000
581114.004	943633.432	1440.006
581117.334	943629.703	1440.000
581120.595	943625.913	1440.000
581123.899	943622.165	1440.000
581127.488	943618.684	1440.000
581131.015	943615.140	1440.000
581134.487	943611.543	1440.000
581137.874	943607.865	1440.000
581141.183	943604.117	1440.000
581144.769	943600.649	1440.000
581148.567	943597.397	1440.000
581152.382	943594.165	1440.000
581156.118	943590.842	1440.000
581159.844	943587.509	1440.000
581163.630	943584.243	1440.005
581167.295	943580.842	1440.000
581171.057	943577.548	1440.000
581174.835	943574.274	1440.004
581178.477	943570.848	1440.000
581182.143	943567.448	1440.000
581185.881	943564.128	1439.992
581189.621	943560.810	1440.000
581193.434	943557.578	1440.000
581197.198	943554.290	1439.997
581200.915	943550.953	1440.000
581204.784	943547.786	1440.000
581209.054	943545.216	1440.000
581213.623	943543.196	1440.000
581218.357	943541.589	1440.032
581223.161	943540.221	1440.000
581228.061	943539.230	1440.000
581232.935	943538.114	1440.000
581237.792	943536.928	1440.000
581242.705	943536.000	1440.000
581247.617	943535.069	1440.000
581252.506	943534.020	1440.000
581257.410	943533.048	1440.002
581262.319	943532.098	1440.000
581267.217	943531.092	1440.000
581271.980	943529.578	1439.998
581276.531	943527.515	1440.000
581280.964	943525.201	1440.000
581285.445	943522.987	1440.002
581289.947	943520.813	1440.000
581294.376	943518.495	1440.000
581298.851	943516.276	1440.000
581303.468	943514.359	1440.000
581308.079	943512.425	1439.997
581312.459	943510.019	1440.000
581316.588	943507.202	1440.000
581320.461	943504.041	1440.000
581324.389	943500.949	1440.000
581328.363	943497.914	1440.000
581332.297	943494.828	1440.000
581336.279	943491.804	1440.000
581340.270	943488.793	1440.000
581344.216	943485.723	1439.998
581348.126	943482.607	1440.000
581352.140	943479.626	1440.000
581356.256	943476.789	1440.020
581359.839	943473.309	1440.000
581363.459	943469.861	1440.000
581367.150	943466.490	1440.001
581371.098	943463.423	1440.000
581375.229	943460.614	1440.000
581379.440	943457.920	1440.001
581383.418	943454.927	1440.001
581386.713	943451.169	1440.004
581389.926	943447.338	1440.000
581393.272	943443.624	1440.000
581396.509	943439.813	1440.000
581399.526	943435.832	1440.000
581402.261	943431.652	1440.000
581404.677	943427.278	1440.009
581408.596	943424.343	1440.000
581412.957	943421.924	1440.000
581416.791	943418.714	1440.000
581420.558	943415.427	1440.000
581424.230	943412.043	1440.000
581427.369	943408.152	1440.000
581432.278	943408.187	1440.020
581436.843	943410.159	1440.001
581441.330	943412.364	1440.001
581445.850	943414.502	1439.997
581450.388	943416.476	1440.036
581454.052	943415.815	1440.006
581456.921	943411.720	1440.000
581459.765	943407.608	1440.000
581462.702	943403.567	1439.979
581467.277	943401.689	1440.000
581471.956	943399.929	1440.000
581476.539	943397.931	1440.000
581481.185	943396.087	1440.000
581485.851	943394.291	1440.000
581490.638	943392.878	1440.000
581495.563	943392.073	1440.000
581500.512	943391.392	1440.022
581504.777	943389.084	1440.025
581507.225	943384.750	1440.000
581509.384	943380.241	1440.000
581511.550	943375.734	1440.000
581514.641	943372.047	1440.000
581519.086	943369.758	1440.000
581523.532	943367.470	1440.001
581528.078	943365.398	1440.000
581532.715	943363.529	1440.000
581537.235	943361.392	1440.000
581541.821	943359.401	1440.003
581546.483	943357.593	1440.000
581551.281	943356.206	1440.000
581556.220	943355.514	1439.989
581561.216	943355.346	1440.000
581566.215	943355.246	1440.000
581571.214	943355.255	1440.000
581576.214	943355.269	1440.005
581581.208	943355.057	1440.000
581586.201	943354.782	1440.000
581591.193	943354.506	1440.000
581596.185	943354.228	1440.000
581601.177	943353.950	1440.000
581606.170	943353.672	1440.000
581611.148	943353.972	1440.000
581616.012	943355.071	1440.000
581620.833	943356.399	1440.000
581625.648	943357.745	1440.000
581630.338	943359.452	1440.000
581634.818	943361.654	1440.000
581639.183	943364.093	1440.000
581643.380	943366.751	1440.147
581647.823	943368.978	1439.963
581651.907	943371.740	1439.885
581655.683	943374.977	1440.004
581659.697	943377.932	1439.987
581663.619	943380.994	1440.000
581667.506	943384.111	1440.000
581671.407	943387.239	1440.000
581675.304	943390.364	1440.000
581679.205	943393.493	1440.000
581683.105	943396.621	1440.000
581687.005	943399.749	1440.000
581690.919	943402.861	1440.000
581694.844	943405.959	1440.000
581698.780	943409.042	1440.000
581702.722	943412.118	1440.000
581706.673	943415.182	1440.000
581710.627	943418.243	1440.000
581714.581	943421.302	1440.000
581718.537	943424.361	1440.000
581722.493	943427.419	1440.000
581726.449	943430.477	1440.000
581730.366	943433.583	1440.000
581734.253	943436.728	1439.995
581738.105	943439.916	1440.000
581741.953	943443.108	1440.000
581745.815	943446.284	1440.008
581749.645	943449.498	1439.998
581753.453	943452.738	1439.995
581757.255	943455.984	1439.997
581761.044	943459.246	1440.015
581764.863	943462.473	1440.000
581768.679	943465.703	1440.000
581772.527	943468.896	1440.000
581776.421	943472.033	1440.000
581780.318	943475.165	1440.000
581784.215	943478.297	1440.000
581788.113	943481.429	1440.000
581792.010	943484.561	1440.000
581795.908	943487.693	1440.000
581799.805	943490.826	1440.000
581803.703	943493.958	1440.000
581807.600	943497.090	1440.000
581811.498	943500.222	1440.000
581815.395	943503.354	1440.000
581819.293	943506.486	1440.000
581823.190	943509.618	1440.000
581827.088	943512.750	1440.000
581831.088	943515.748	1440.000
581835.176	943518.626	1440.000
581839.298	943521.456	1440.007
581843.427	943524.275	1439.994
581847.558	943527.092	1440.000
581851.882	943529.602	1440.005
581856.368	943531.807	1440.000
581860.895	943533.930	1440.000
581865.434	943536.029	1440.000
581870.027	943537.999	1440.000
581874.710	943539.746	1440.000
581879.442	943541.360	1440.000
581884.174	943542.975	1440.000
581888.906	943544.591	1440.000
581893.639	943546.204	1440.000
581898.371	943547.818	1440.000
581903.100	943549.443	1440.000
581907.820	943551.091	1439.995
581912.379	943553.141	1440.000
581916.814	943555.448	1440.009
581921.251	943557.752	1439.991
581925.692	943560.048	1440.000
581930.116	943562.377	1440.000
581934.509	943564.765	1440.000
581938.882	943567.190	1440.000
581943.345	943569.442	1440.000
581947.824	943571.664	1440.007
581952.404	943573.667	1440.000
581957.055	943575.503	1440.000
581961.705	943577.340	1440.000
581966.355	943579.178	1440.000
581971.008	943581.008	1440.000
581975.666	943582.828	1440.000
581980.324	943584.644	1440.000
581984.982	943586.462	1440.000
581989.578	943588.421	1439.984
581994.160	943590.417	1440.000
581998.728	943592.451	1440.000
582003.160	943594.765	1440.000
582007.593	943597.076	1440.000
582012.269	943598.846	1440.000
582017.129	943600.014	1440.000
582021.981	943601.215	1439.988
582026.797	943602.559	1440.002
582031.683	943603.613	1440.000
582036.632	943604.309	1440.000
582041.592	943604.944	1440.000
582046.555	943605.553	1440.003
582051.518	943606.154	1440.000
582056.478	943606.790	1440.000
582061.436	943607.434	1440.000
582066.388	943608.125	1440.000
582071.341	943608.811	1439.987
582076.287	943609.542	1440.000
582081.235	943610.265	1440.000
582086.182	943610.987	1440.000
582091.134	943611.677	1440.005
582096.098	943612.276	1440.000
582101.060	943612.887	1440.000
582106.020	943613.523	1440.000
582111.006	943613.821	1440.000
582115.980	943613.451	1439.987
582120.938	943612.808	1440.000
582125.898	943612.175	1440.000
582130.864	943611.605	1440.029
582135.799	943610.816	1440.000
582140.736	943610.022	1440.000
582145.672	943609.227	1440.000
582150.534	943608.105	1439.989
582155.378	943606.892	1440.000
582160.276	943605.888	1440.000
582165.165	943604.841	1439.998
582169.959	943603.449	1440.000
582174.596	943601.594	1440.000
582179.180	943599.603	1439.986
582183.946	943598.097	1440.000
582188.687	943596.543	1440.000
582193.199	943594.397	1439.991
582197.679	943592.180	1440.000
582202.202	943590.048	1440.000
582206.724	943587.916	1440.000
582211.282	943585.860	1440.000
582215.807	943583.734	1440.000
582220.285	943581.511	1440.009
582224.394	943578.681	1440.000
582228.386	943575.672	1440.000
582232.501	943572.832	1440.000
582236.704	943570.124	1440.000
582240.914	943567.426	1440.000
582245.234	943564.910	1440.002
582249.710	943562.692	1440.000
582254.349	943560.839	1440.000
582259.032	943559.097	1440.047
582263.324	943556.535	1440.000
582267.537	943553.843	1440.000
582271.982	943551.554	1439.986
582276.888	943550.683	1439.996
582281.853	943550.096	1440.000
582286.821	943549.529	1440.001
582291.783	943548.937	1440.020
582296.771	943548.627	1440.000
582301.765	943548.378	1440.000
582306.758	943548.129	1440.000
582311.750	943548.341	1440.006
582316.744	943548.590	1440.000
582321.738	943548.841	1440.000
582326.731	943549.092	1440.000
582331.676	943549.804	1439.999
582336.567	943550.841	1440.000
582341.448	943551.922	1440.000
582346.320	943553.047	1440.000
582351.285	943553.253	1440.000
582356.169	943552.299	1440.000
582361.035	943551.147	1440.000
582365.900	943549.996	1440.000
582370.602	943548.344	1439.987
582375.182	943546.340	1440.000
582379.787	943544.391	1440.000
582384.536	943543.033	1439.985
582389.523	943542.968	1440.000
582394.490	943543.481	1440.000
582399.423	943544.295	1440.000
582404.360	943545.089	1439.999
582409.299	943545.869	1440.000
582414.235	943546.666	1440.000
582419.165	943547.497	1440.000
582424.085	943548.390	1440.000
582429.027	943549.076	1440.019
582434.021	943549.059	1440.000
582439.008	943548.695	1440.000
582443.995	943548.331	1440.000
582448.958	943547.791	1440.001
582453.840	943546.726	1440.000
582458.659	943545.390	1440.000
582463.482	943544.074	1439.993
582468.365	943543.027	1440.000
582473.342	943542.617	1440.000
582478.341	943542.722	1440.000
582483.340	943542.807	1440.003
582488.270	943543.112	1440.000
582492.789	943545.211	1440.000
582496.521	943548.539	1440.000
582500.206	943551.919	1440.000
582503.830	943555.363	1440.000
582507.441	943558.821	1440.000
582511.897	943561.081	1440.000
582516.822	943561.577	1440.000
582521.817	943561.779	1440.012
582526.817	943561.733	1440.000
582531.815	943561.616	1440.000
582536.812	943561.441	1440.000
582541.809	943561.257	1440.000
582546.805	943561.071	1440.000
582551.731	943561.842	1440.000
582556.396	943563.600	1440.000
582561.016	943565.512	1440.000
582565.636	943567.418	1440.001
582570.271	943569.289	1439.995
582574.846	943571.303	1440.000
582579.391	943573.387	1440.000
582583.951	943575.438	1440.000
582588.516	943577.476	1440.000