582616.965	943547.931	1400.000
582645.055	943558.438	1400.000
582673.242	943568.669	1400.000
582700.339	943581.543	1399.999
582726.280	943596.458	1400.000
582750.183	943614.542	1400.000
582773.731	943632.986	1399.998
582799.197	943648.474	1400.000
582822.858	943666.898	1399.986
582847.416	943684.106	1400.000
582872.468	943700.579	1400.000
582900.497	943711.035	1400.000
582929.324	943719.183	1400.000
582950.263	943725.869	1400.020
582928.025	943745.665	1399.999
582901.009	943756.165	1400.000
582871.045	943756.417	1400.000
582841.385	943760.793	1400.016
582813.589	943756.823	1400.003
582787.417	943742.268	1400.000
582763.367	943725.386	1400.003
582734.587	943728.962	1400.000
582705.641	943736.370	1400.000
582675.797	943737.856	1400.000
582648.569	943728.127	1400.044
582643.511	943757.199	1400.000
582635.379	943785.864	1400.000
582619.509	943811.152	1400.000
582600.270	943833.491	1400.000
582571.056	943832.920	1400.000
582541.323	943829.057	1400.000
582511.392	943828.844	1400.002
582484.922	943842.387	1400.000
582459.767	943858.503	1400.001
582436.290	943876.504	1400.063
582432.097	943906.189	1400.000
582425.954	943935.380	1400.000
582403.442	943952.807	1400.000
582373.810	943957.405	1400.000
582344.228	943962.337	1400.000
582315.037	943969.209	1400.000
582297.105	943991.586	1400.000
582275.911	944012.589	1400.000
582252.767	944031.676	1399.999
582237.118	944055.617	1400.000
582251.155	944081.553	1400.000
582272.666	944102.448	1400.000
582290.714	944126.404	1399.996
582305.955	944152.197	1400.000
582319.967	944178.389	1399.999
582316.439	944207.761	1400.000
582295.408	944228.175	1400.001
582266.961	944234.707	1400.000
582236.999	944236.181	1399.999
582207.338	944240.483	1400.000
582177.633	944242.276	1399.996
582148.913	944234.631	1400.000
582120.317	944226.275	1400.000
582093.456	944215.103	1399.996
582078.769	944189.077	1400.000
582057.589	944168.503	1400.000
582045.362	944143.731	1399.982
582044.602	944113.996	1400.000
582031.444	944090.971	1399.999
582001.457	944090.812	1400.000
581971.552	944092.913	1400.000
581943.551	944085.141	1399.998
581918.432	944068.773	1400.000
581892.274	944054.106	1400.000
581873.826	944031.335	1399.989
581868.706	944001.979	1400.000
581842.396	943994.511	1400.000
581816.886	943981.439	1400.000
581803.372	943955.147	1400.000
581803.278	943925.610	1400.002
581784.414	943931.415	1400.000
581766.174	943954.337	1400.000
581759.121	943983.382	1400.000
581741.352	944007.362	1399.999
581715.841	944019.657	1400.000
581686.360	944015.781	1400.000
581657.376	944008.044	1399.996
581633.315	943991.263	1400.000
581606.059	943979.119	1400.000
581577.349	943973.218	1400.000
581562.503	943987.492	1400.000
581579.724	944011.736	1400.000
581594.762	944037.300	1400.002
581598.368	944067.076	1400.000
581599.877	944097.029	1400.000
581597.944	944126.839	1400.000
581589.568	944155.641	1400.000
581565.560	944168.571	1400.000
581536.942	944177.395	1400.004
581512.885	944195.173	1399.999
581484.875	944202.405	1400.000
581455.154	944198.347	1400.000
581425.646	944192.966	1400.000
581396.002	944188.371	1400.000
581379.728	944200.856	1400.011
581363.256	944224.053	1400.005
581356.156	944251.033	1400.013
581361.960	944265.825	1400.000
581374.769	944287.150	1400.000
581373.519	944317.103	1400.002
581369.513	944346.831	1400.000
581366.234	944376.573	1400.000
581353.693	944401.582	1400.000
581326.681	944414.555	1400.000
581299.475	944427.195	1400.000
581321.717	944444.354	1400.000
581338.312	944467.823	1400.000
581348.896	944495.886	1400.000
581362.402	944522.549	1400.000
581350.932	944543.909	1400.003
581321.923	944551.193	1400.000
581293.739	944560.556	1400.000
581264.872	944568.385	1400.000
581235.063	944568.589	1400.000
581205.226	944566.578	1400.009
581212.810	944592.332	1400.000
581222.648	944620.556	1400.000
581224.325	944649.997	1400.000
581212.521	944676.239	1400.001
581183.075	944681.961	1399.999
581154.743	944691.670	1400.000
581129.166	944705.851	1400.001
581106.749	944724.406	1400.010
581077.309	944730.041	1400.000
581047.980	944725.826	1400.001
581020.336	944714.285	1400.007
580994.485	944725.711	1400.000
580967.994	944736.233	1400.000
580938.814	944729.269	1400.000
580909.218	944724.539	1400.000
580908.388	944746.463	1399.984
580908.497	944776.281	1400.000
580909.643	944806.243	1400.003
580917.710	944834.805	1400.000
580927.777	944863.065	1400.000
580933.685	944892.347	1400.000
580930.188	944922.131	1400.000
580930.094	944952.093	1400.000
580933.674	944981.871	1400.000
580938.196	945011.528	1400.000
580942.763	945041.178	1400.000
580948.589	945070.558	1400.011
580957.285	945099.259	1400.000
580966.325	945127.865	1400.000
580975.298	945156.490	1400.006
580987.292	945183.849	1399.997
581000.892	945210.569	1400.000
581014.307	945237.380	1400.002
581030.994	945262.284	1400.000
581051.801	945283.854	1400.002
581077.622	945298.849	1400.005
581099.323	945319.178	1400.000
581116.993	945343.392	1400.000
581134.146	945367.982	1400.000
581154.380	945390.124	1400.000
581173.285	945413.409	1400.002
581190.233	945438.048	1400.000
581200.232	945466.253	1400.000
581206.938	945495.480	1400.000
581213.080	945524.845	1400.000
581215.643	945554.687	1399.996
581210.911	945579.045	1400.000
581184.015	945566.138	1399.990
581159.170	945549.348	1400.000
581132.967	945534.746	1400.000
581106.783	945520.107	1400.000
581080.936	945504.880	1400.000
581055.140	945489.566	1400.000
581029.733	945473.694	1400.000
581007.894	945453.162	1400.000
580986.177	945432.467	1400.000
580964.332	945411.905	1400.000
580942.486	945391.344	1400.000
580921.028	945370.386	1400.000
580900.594	945348.422	1400.000
580879.063	945327.571	1400.000
580855.055	945309.687	1400.000
580829.901	945293.342	1400.000
580804.202	945277.865	1400.000
580778.476	945262.433	1400.000
580752.703	945247.086	1400.000
580727.212	945231.278	1400.000
580703.001	945213.564	1400.000
580678.860	945195.753	1400.000
580653.797	945179.309	1400.000
580625.151	945170.599	1400.000
580596.247	945162.566	1400.000
580567.342	945154.534	1400.000
580538.194	945147.474	1400.000
580508.510	945148.788	1400.007
580479.574	945156.707	1400.000
580450.662	945164.713	1400.000
580421.368	945169.105	1400.000
580392.621	945161.310	1400.000
580364.390	945151.162	1400.000
580336.626	945139.827	1400.000
580309.209	945128.331	1400.014
580279.339	945128.844	1400.000
580249.524	945125.518	1400.000
580219.710	945122.187	1400.000
580190.158	945117.437	1400.000
580162.383	945106.108	1400.000
580134.809	945094.291	1400.000
580106.862	945083.472	1400.019
580078.061	945075.211	1400.000
580048.636	945069.508	1400.008
580018.975	945068.262	1400.000
579989.969	945075.798	1400.000
579961.319	945084.696	1400.000
579932.669	945093.593	1400.000
579903.188	945093.374	1400.000
579874.241	945085.496	1400.000
579846.502	945095.755	1400.000
579820.424	945110.585	1400.000
579794.342	945125.408	1400.000
579768.266	945140.241	1400.000
579742.392	945155.423	1400.000
579721.044	945175.746	1400.002
579702.450	945199.212	1399.999
579683.933	945222.426	1400.000
579656.299	945233.190	1399.999
579627.161	945240.328	1400.000
579598.239	945248.223	1400.000
579573.258	945263.815	1400.019
579549.398	945246.267	1400.002
579523.745	945230.893	1400.000
579498.154	945215.648	1400.000
579471.803	945201.499	1400.000
579442.774	945194.561	1400.000
579413.164	945197.978	1400.000
579383.368	945200.029	1400.000
579354.628	945196.752	1399.993
579332.442	945177.103	1400.000
579309.996	945157.199	1400.000
579289.423	945135.618	1400.000
579279.007	945107.569	1400.000
579272.075	945078.435	1400.000
579262.191	945050.216	1400.001
579268.058	945022.531	1400.000
579295.366	945010.754	1400.028
579279.293	944987.492	1400.000
579261.110	944963.735	1400.000
579246.433	944937.590	1400.000
579222.785	944941.782	1399.999
579195.918	944954.795	1399.997
579166.766	944961.272	1400.001
579137.300	944966.862	1400.000
579107.800	944972.295	1400.000
579078.512	944978.776	1400.012
579050.992	944990.687	1400.002
579025.005	945005.644	1400.000
578999.053	945020.530	1400.016
578969.243	945021.024	1400.000
578940.929	945013.327	1400.000
578914.930	944998.359	1400.000
578887.794	944985.764	1400.001
578859.656	944975.371	1400.000
578834.750	944959.247	1400.000
578812.596	944939.149	1400.000
578796.887	944916.153	1400.008
578823.620	944903.039	1399.973
578851.915	944893.205	1400.000
578880.925	944886.951	1400.000
578908.359	944875.698	1400.000
578935.868	944863.769	1400.000
578963.092	944851.202	1400.000
578990.613	944839.261	1400.000
579016.578	944824.375	1400.000
579042.633	944809.804	1400.000
579067.513	944793.292	1400.000
579095.243	944782.331	1400.000
579123.063	944771.181	1400.000
579151.235	944760.870	1400.000
579176.354	944744.687	1400.000
579203.729	944732.750	1400.000
579232.481	944724.209	1400.000
579261.929	944729.908	1400.000
579291.443	944735.282	1400.000
579320.764	944741.602	1400.000
579349.969	944748.459	1400.000
579377.912	944758.259	1399.986
579401.510	944776.750	1399.995
579425.093	944795.253	1400.000
579453.031	944805.083	1400.000
579482.396	944811.221	1400.000
579511.837	944816.983	1400.000
579541.341	944822.412	1399.999
579570.226	944830.368	1400.005
579599.047	944838.675	1400.013
579627.954	944846.655	1399.998
579656.725	944855.094	1400.003
579686.537	944857.079	1400.000
579716.453	944854.830	1400.000
579746.369	944852.585	1400.000
579776.322	944850.931	1400.003
579806.119	944852.184	1400.000
579834.273	944862.253	1400.000
579863.101	944870.339	1400.000
579890.948	944881.027	1400.000
579919.670	944889.514	1400.000
579947.890	944899.547	1400.000
579976.983	944897.198	1399.997
580006.556	944892.160	1400.000
580036.135	944887.152	1400.000
580065.707	944882.098	1400.000
580093.874	944872.121	1400.000
580121.782	944861.231	1400.005
580151.045	944855.332	1400.000
580180.736	944851.059	1400.000
580210.532	944847.604	1400.000
580240.360	944844.420	1400.000
580270.141	944840.856	1400.000
580299.415	944834.339	1400.001
580328.773	944828.181	1400.002
580358.225	944822.481	1400.000
580387.572	944816.271	1400.000
580416.568	944808.685	1399.997
580445.186	944799.832	1400.002
580474.331	944792.801	1400.000
580502.849	944783.570	1399.988
580531.821	944775.880	1400.000
580560.904	944768.583	1400.000
580589.190	944758.857	1400.000
580616.689	944746.869	1400.000
580644.070	944734.618	1400.000
580671.609	944722.739	1399.999
580698.406	944709.311	1400.000
580725.870	944697.656	1399.999
580732.542	944679.146	1400.000
580714.089	944655.528	1399.985
580694.819	944632.592	1400.000
580670.546	944615.070	1400.000
580679.236	944593.328	1400.000
580699.726	944571.573	1400.000
580716.416	944546.645	1400.000
580731.622	944520.811	1400.000
580742.181	944492.838	1399.999
580752.209	944464.568	1400.000
580760.622	944435.774	1400.000
580768.064	944406.725	1400.003
580775.008	944377.576	1400.000
580788.124	944350.731	1400.000
580801.968	944324.141	1400.000
580813.734	944296.587	1399.994
580822.538	944267.993	1400.000
580829.667	944239.117	1400.000
580838.137	944210.437	1400.000
580848.413	944182.253	1400.000
580859.487	944154.376	1400.000
580872.058	944127.141	1400.000
580884.865	944100.012	1400.000
580897.474	944072.794	1400.000
580906.112	944044.085	1399.993
580911.083	944014.545	1400.000
580919.655	943986.070	1400.000
580918.224	943956.124	1400.000
580919.386	943926.215	1400.000
580931.968	943899.118	1400.000
580950.402	943875.589	1400.000
580951.729	943858.206	1399.998
580926.392	943842.552	1399.999
580904.173	943825.248	1399.999
580874.893	943831.753	1400.000
580846.274	943840.629	1400.000
580817.993	943850.244	1400.000
580793.249	943839.229	1400.000
580783.816	943811.416	1400.091
580757.035	943800.266	1400.000
580744.620	943774.156	1400.000
580733.457	943746.349	1400.000
580732.432	943718.227	1400.000
580751.507	943695.510	1400.000
580776.447	943679.255	1400.000
580803.732	943666.788	1399.999
580830.322	943652.914	1400.000
580852.443	943632.876	1400.000
580877.269	943616.322	1399.991
580906.891	943616.431	1400.000
580934.683	943627.197	1400.000
580958.108	943645.871	1400.000
580977.275	943643.382	1400.002
580983.656	943614.094	1400.000
581006.189	943599.574	1400.000
581035.808	943596.522	1400.018
581063.647	943594.803	1400.000
581088.122	943589.068	1399.997
581111.030	943570.124	1399.999
581134.365	943551.320	1400.000
581156.763	943531.826	1400.000
581180.368	943514.046	1400.000
581206.403	943499.621	1400.000
581235.479	943492.496	1400.000
581264.175	943484.153	1400.009
581288.017	943466.108	1400.000
581311.550	943447.642	1400.001
581333.954	943428.489	1400.000
581349.950	943403.140	1400.000
581369.897	943381.374	1400.000
581398.129	943371.354	1400.000
581427.047	943363.483	1399.979
581455.199	943353.242	1400.000
581468.578	943327.292	1400.000
581492.061	943313.493	1400.000
581521.210	943309.934	1400.000
581549.723	943302.751	1400.000
581579.084	943308.763	1400.000
581608.279	943315.526	1400.000
581635.235	943328.282	1400.000
581658.654	943347.032	1400.000
581682.056	943365.802	1400.000
581705.474	943384.554	1400.000
581729.138	943402.992	1400.000
581752.525	943421.769	1400.000
581774.191	943442.518	1400.000
581797.069	943461.906	1400.000
581820.454	943480.699	1400.000
581844.376	943498.790	1400.000
581870.669	943513.114	1400.000
581898.517	943524.231	1400.000
581926.332	943535.406	1400.000
581952.583	943549.897	1400.000
581979.422	943563.180	1400.000
582007.369	943574.084	1400.000
582036.522	943580.834	1400.000
582066.466	943581.824	1400.000
582096.396	943583.174	1400.000
582125.842	943580.040	1400.000
582154.285	943570.683	1400.000
582182.443	943560.419	1400.000
582208.297	943546.136	1400.000
582231.949	943527.716	1399.997
582255.022	943508.703	1400.002
582284.864	943508.306	1400.000
582314.742	943510.858	1400.000
582344.538	943513.629	1400.000
582368.891	943497.950	1400.000
582398.451	943500.983	1400.003
582428.103	943505.268	1400.000
582457.958	943502.978	1400.000
582487.815	943504.253	1400.000
582514.266	943517.254	1400.001
582544.178	943517.192	1400.000
582573.343	943523.403	1400.000
